日期,收盘,涨跌幅,成交量,成交额,PER,PBR,時価総額,営業利益率,ROA,ROE,配当利回り,EPS,开盘,最高,最低
2018-01-01,1768.0867919921875,,0,0.0,7.007095,0.62189585,1947820800.0,8.420999,3.068,9.912,375.0,228.34,,,
2018-01-02,1768.0867919921875,0.0,0,0.0,7.007095,0.62189585,1947820800.0,8.420999,3.068,9.912,375.0,228.34,,,
2018-01-03,1768.0867919921875,0.0,0,0.0,7.007095,0.62189585,1947820800.0,8.420999,3.068,9.912,375.0,228.34,,,
2018-01-04,1830.1248779296875,3.5087692650878743,13500,24706685.85205078,7.007095,0.62189585,1947820800.0,8.420999,3.068,9.912,375.0,228.34,,,
2018-01-05,1830.1248779296875,0.0,9100,16654136.389160156,7.007095,0.62189585,1947820800.0,8.420999,3.068,9.912,375.0,228.34,,,
2018-01-08,1830.1248779296875,0.0,0,0.0,7.007095,0.62189585,1947820800.0,8.420999,3.068,9.912,375.0,228.34,,,
2018-01-09,1868.898681640625,2.118642513334934,16200,30276158.642578125,7.007095,0.62189585,1947820800.0,8.420999,3.068,9.912,375.0,228.34,,,
2018-01-10,1884.408447265625,0.8298879857620012,17700,33354029.51660156,7.007095,0.62189585,1947820800.0,8.420999,3.068,9.912,375.0,228.34,,,
2018-01-11,1853.3890380859373,-1.6461085824943211,16200,30024902.416992188,7.007095,0.62189585,1947820800.0,8.420999,3.068,9.912,375.0,228.34,,,
2018-01-12,1899.9180908203125,2.510484942892899,21200,40278263.52539063,7.007095,0.62189585,1947820800.0,8.420999,3.068,9.912,375.0,228.34,,,
2018-01-15,1977.4654541015625,4.081616131554799,69300,137038355.96923828,7.007095,0.62189585,1947820800.0,8.420999,3.068,9.912,375.0,228.34,,,
2018-01-16,1768.0867919921875,-10.588233623757723,96600,170797184.1064453,7.007095,0.62189585,1947820800.0,8.420999,3.068,9.912,375.0,228.34,,,
2018-01-17,1768.0867919921875,0.0,22200,39251526.78222656,7.007095,0.62189585,1947820800.0,8.420999,3.068,9.912,375.0,228.34,,,
2018-01-18,1713.803466796875,-3.07017310695189,27400,46958214.990234375,7.007095,0.62189585,1947820800.0,8.420999,3.068,9.912,375.0,228.34,,,
2018-01-19,1713.803466796875,0.0,11400,19537359.52148437,7.007095,0.62189585,1947820800.0,8.420999,3.068,9.912,375.0,228.34,,,
2018-01-22,1737.06787109375,1.3574721225390274,9400,16328437.98828125,7.007095,0.62189585,1947820800.0,8.420999,3.068,9.912,375.0,228.34,,,
2018-01-23,1760.3319091796875,1.3392705301312755,10500,18483485.04638672,7.007095,0.62189585,1947820800.0,8.420999,3.068,9.912,375.0,228.34,,,
2018-01-24,1752.5771484375,-0.4405283288764106,8400,14721648.046875,7.007095,0.62189585,1947820800.0,8.420999,3.068,9.912,375.0,228.34,,,
2018-01-25,1729.3131103515625,-1.327418773357758,6100,10548809.973144531,7.007095,0.62189585,1947820800.0,8.420999,3.068,9.912,375.0,228.34,,,
2018-01-26,1737.06787109375,0.4484301134229485,2700,4690083.251953125,7.007095,0.62189585,1947820800.0,8.420999,3.068,9.912,375.0,228.34,,,
2018-01-29,1706.0489501953125,-1.785705752470479,11300,19278353.13720703,7.007095,0.62189585,1947820800.0,8.420999,3.068,9.912,375.0,228.34,,,
2018-01-30,1706.0489501953125,0.0,11100,18937143.34716797,7.007095,0.62189585,1947820800.0,8.420999,3.068,9.912,375.0,228.34,,,
2018-01-31,1698.2939453125,-0.4545593420355653,5600,9510446.09375,7.007095,0.62189585,1947820800.0,8.420999,3.068,9.912,375.0,228.34,,,
2018-02-01,1690.539306640625,-0.4566134557141166,4000,6762157.2265625,7.007095,0.62189585,1947820800.0,8.420999,3.068,9.912,375.0,228.34,,,
2018-02-02,1682.7841796875,-0.4587368612289588,5700,9591869.82421875,7.007095,0.62189585,1947820800.0,8.420999,3.068,9.912,375.0,228.34,,,
2018-02-05,1605.2366943359375,-4.608284668207629,12400,19904935.009765625,7.007095,0.62189585,1947820800.0,8.420999,3.068,9.912,375.0,228.34,,,
2018-02-06,1395.85791015625,-13.043483550960344,25300,35315205.126953125,7.007095,0.62189585,1947820800.0,8.420999,3.068,9.912,375.0,228.34,,,
2018-02-07,1465.65087890625,5.000005247109107,15100,22131328.27148437,7.007095,0.62189585,1947820800.0,8.420999,3.068,9.912,375.0,228.34,,,
2018-02-08,1473.4056396484375,0.529100132493654,8200,12081926.245117188,7.007095,0.62189585,1947820800.0,8.420999,3.068,9.912,375.0,228.34,,,
2018-02-09,1411.367431640625,-4.210531461153844,8600,12137759.912109377,7.007095,0.62189585,1947820800.0,8.420999,3.068,9.912,375.0,228.34,,,
2018-02-12,1411.367431640625,0.0,0,0.0,7.007095,0.62189585,1947820800.0,8.420999,3.068,9.912,375.0,228.34,,,
2018-02-13,1388.103271484375,-1.6483418587324827,4900,6801706.0302734375,7.007095,0.62189585,1947820800.0,8.420999,3.068,9.912,375.0,228.34,,,
2018-02-14,1326.0650634765625,-4.469278999787363,9500,12597618.103027344,7.007095,0.62189585,1947820800.0,8.420999,3.068,9.912,375.0,228.34,,,
2018-02-15,1357.0843505859375,2.339197974800067,3000,4071253.051757813,7.007095,0.62189585,1947820800.0,8.420999,3.068,9.912,375.0,228.34,,,
2018-02-16,1388.103271484375,2.285703234662217,2500,3470258.178710937,7.007095,0.62189585,1947820800.0,8.420999,3.068,9.912,375.0,228.34,,,
2018-02-19,1434.6318359375,3.351952654312917,3900,5595064.16015625,7.007095,0.62189585,1947820800.0,8.420999,3.068,9.912,375.0,228.34,,,
2018-02-20,1442.3865966796875,0.5405401265976995,1000,1442386.5966796875,7.007095,0.62189585,1947820800.0,8.420999,3.068,9.912,375.0,228.34,,,
2018-02-21,1442.3865966796875,0.0,3800,5481069.0673828125,7.007095,0.62189585,1947820800.0,8.420999,3.068,9.912,375.0,228.34,,,
2018-02-22,1426.8770751953125,-1.0752679981966828,3000,4280631.2255859375,7.007095,0.62189585,1947820800.0,8.420999,3.068,9.912,375.0,228.34,,,
2018-02-23,1434.6318359375,0.5434778424151299,2000,2869263.671875,7.007095,0.62189585,1947820800.0,8.420999,3.068,9.912,375.0,228.34,,,
2018-02-26,1473.4056396484375,2.7027006329885195,4200,6188303.6865234375,7.007095,0.62189585,1947820800.0,8.420999,3.068,9.912,375.0,228.34,,,
2018-02-27,1488.9151611328125,1.0526307940612822,10300,15335826.159667969,7.007095,0.62189585,1947820800.0,8.420999,3.068,9.912,375.0,228.34,,,
2018-02-28,1473.4056396484375,-1.041665898047195,400,589362.255859375,7.007095,0.62189585,1947820800.0,8.420999,3.068,9.912,375.0,228.34,,,
2018-03-01,1473.4056396484375,0.0,0,0.0,7.007095,0.62189585,1947820800.0,8.420999,3.068,9.912,375.0,228.34,,,
2018-03-02,1442.3865966796875,-2.1052615881225534,5300,7644648.962402344,7.007095,0.62189585,1947820800.0,8.420999,3.068,9.912,375.0,228.34,,,
2018-03-05,1411.367431640625,-2.150544459472048,7900,11149802.709960938,7.007095,0.62189585,1947820800.0,8.420999,3.068,9.912,375.0,228.34,,,
2018-03-06,1450.141357421875,2.747259495436838,1300,1885183.7646484373,7.007095,0.62189585,1947820800.0,8.420999,3.068,9.912,375.0,228.34,,,
2018-03-07,1434.6318359375,-1.069517906305939,3000,4303895.5078125,7.007095,0.62189585,1947820800.0,8.420999,3.068,9.912,375.0,228.34,,,
2018-03-08,1450.141357421875,1.081080253195399,1700,2465240.3076171875,7.007095,0.62189585,1947820800.0,8.420999,3.068,9.912,375.0,228.34,,,
2018-03-09,1450.141357421875,0.0,3900,5655551.2939453125,7.007095,0.62189585,1947820800.0,8.420999,3.068,9.912,375.0,228.34,,,
2018-03-12,1450.141357421875,0.0,1700,2465240.3076171875,7.007095,0.62189585,1947820800.0,8.420999,3.068,9.912,375.0,228.34,,,
2018-03-13,1450.141357421875,0.0,1400,2030197.900390625,7.007095,0.62189585,1947820800.0,8.420999,3.068,9.912,375.0,228.34,,,
2018-03-14,1442.3865966796875,-0.5347589531529695,2100,3029011.853027344,7.007095,0.62189585,1947820800.0,8.420999,3.068,9.912,375.0,228.34,,,
2018-03-15,1465.65087890625,1.6129019972950245,4300,6302298.779296875,7.007095,0.62189585,1947820800.0,8.420999,3.068,9.912,375.0,228.34,,,
2018-03-16,1450.141357421875,-1.05820026498733,2100,3045296.850585937,7.007095,0.62189585,1947820800.0,8.420999,3.068,9.912,375.0,228.34,,,
2018-03-19,1426.8770751953125,-1.6042768594589083,1600,2283003.3203125,7.007095,0.62189585,1947820800.0,8.420999,3.068,9.912,375.0,228.34,,,
2018-03-20,1403.6129150390625,-1.6304249721767805,8600,12071071.069335938,7.007095,0.62189585,1947820800.0,8.420999,3.068,9.912,375.0,228.34,,,
2018-03-21,1403.6129150390625,0.0,0,0.0,7.007095,0.62189585,1947820800.0,8.420999,3.068,9.912,375.0,228.34,,,
2018-03-22,1388.103271484375,-1.1049801115755489,1600,2220965.234375,7.007095,0.62189585,1947820800.0,8.420999,3.068,9.912,375.0,228.34,,,
2018-03-23,1318.310302734375,-5.027937775506175,5100,6723382.5439453125,7.007095,0.62189585,1947820800.0,8.420999,3.068,9.912,375.0,228.34,,,
2018-03-26,1264.027099609375,-4.117634748997134,9700,12261062.866210938,7.007095,0.62189585,1947820800.0,8.420999,3.068,9.912,375.0,228.34,,,
2018-03-27,1302.8006591796875,3.067462681954747,4100,5341482.702636719,7.007095,0.62189585,1947820800.0,8.420999,3.068,9.912,375.0,228.34,,,
2018-03-28,1279.53662109375,-1.7856943748083332,5000,6397683.10546875,7.007095,0.62189585,1947820800.0,8.420999,3.068,9.912,375.0,228.34,,,
2018-03-29,1357.0843505859375,6.060610397059185,7100,9635298.889160156,7.007095,0.62189585,1947820800.0,8.420999,3.068,9.912,375.0,228.34,,,
2018-03-30,1357.0843505859375,0.0,4100,5564045.837402344,7.007095,0.62189585,1947820800.0,8.420999,3.068,9.912,375.0,228.34,,,
2018-04-02,1380.3486328125,1.7142841722784574,6400,8834231.25,7.007095,0.62189585,1947820800.0,8.420999,3.068,9.912,375.0,228.34,,,
2018-04-03,1388.103271484375,0.5617884125457939,5100,7079326.6845703125,7.007095,0.62189585,1947820800.0,8.420999,3.068,9.912,375.0,228.34,,,
2018-04-04,1388.103271484375,0.0,6300,8745050.610351562,7.007095,0.62189585,1947820800.0,8.420999,3.068,9.912,375.0,228.34,,,
2018-04-05,1388.103271484375,0.0,7500,10410774.536132812,7.007095,0.62189585,1947820800.0,8.420999,3.068,9.912,375.0,228.34,,,
2018-04-06,1349.32958984375,-2.7932850845573065,7800,10524770.80078125,7.007095,0.62189585,1947820800.0,8.420999,3.068,9.912,375.0,228.34,,,
2018-04-09,1388.103271484375,2.873551572015476,2100,2915016.8701171875,7.007095,0.62189585,1947820800.0,8.420999,3.068,9.912,375.0,228.34,,,
2018-04-10,1388.103271484375,0.0,2600,3609068.505859375,7.007095,0.62189585,1947820800.0,8.420999,3.068,9.912,375.0,228.34,,,
2018-04-11,1388.103271484375,0.0,2200,3053827.197265625,7.007095,0.62189585,1947820800.0,8.420999,3.068,9.912,375.0,228.34,,,
2018-04-12,1357.0843505859375,-2.2346263088384832,5400,7328255.4931640625,7.007095,0.62189585,1947820800.0,8.420999,3.068,9.912,375.0,228.34,,,
2018-04-13,1380.3486328125,1.7142841722784574,3500,4831220.21484375,7.007095,0.62189585,1947820800.0,8.420999,3.068,9.912,375.0,228.34,,,
2018-04-16,1341.57470703125,-2.8089951233730703,6700,8988550.537109375,7.007095,0.62189585,1947820800.0,8.420999,3.068,9.912,375.0,228.34,,,
2018-04-17,1326.0650634765625,-1.1560775164737969,2900,3845588.6840820312,7.007095,0.62189585,1947820800.0,8.420999,3.068,9.912,375.0,228.34,,,
2018-04-18,1341.57470703125,1.1695989874000334,1800,2414834.47265625,7.007095,0.62189585,1947820800.0,8.420999,3.068,9.912,375.0,228.34,,,
2018-04-19,1326.0650634765625,-1.1560775164737969,1600,2121704.1015625,7.007095,0.62189585,1947820800.0,8.420999,3.068,9.912,375.0,228.34,,,
2018-04-20,1310.5556640625,-1.169580576491569,2000,2621111.328125,7.007095,0.62189585,1947820800.0,8.420999,3.068,9.912,375.0,228.34,,,
2018-04-23,1302.8006591796875,-0.5917341090857065,3100,4038682.0434570312,7.007095,0.62189585,1947820800.0,8.420999,3.068,9.912,375.0,228.34,,,
2018-04-24,1310.5556640625,0.5952564445043773,5800,7601222.8515625,7.007095,0.62189585,1947820800.0,8.420999,3.068,9.912,375.0,228.34,,,
2018-04-25,1295.0462646484375,-1.183421646203564,5800,7511268.3349609375,7.007095,0.62189585,1947820800.0,8.420999,3.068,9.912,375.0,228.34,,,
2018-04-26,1271.7818603515625,-1.7964149182879252,8300,10555789.440917969,7.007095,0.62189585,1947820800.0,8.420999,3.068,9.912,375.0,228.34,,,
2018-04-27,1248.5174560546875,-1.8292763108324173,8800,10986953.61328125,7.007095,0.62189585,1947820800.0,8.420999,3.068,9.912,375.0,228.34,,,
2018-04-30,1248.5174560546875,0.0,0,0.0,7.007095,0.62189585,1947820800.0,8.420999,3.068,9.912,375.0,228.34,,,
2018-05-01,1310.5556640625,4.968949990002791,5400,7077000.5859375,7.007095,0.62189585,1947820800.0,8.420999,3.068,9.912,375.0,228.34,,,
2018-05-02,1357.0843505859375,3.550302196184973,5400,7328255.4931640625,7.007095,0.62189585,1947820800.0,8.420999,3.068,9.912,375.0,228.34,,,
2018-05-03,1357.0843505859375,0.0,0,0.0,7.007095,0.62189585,1947820800.0,8.420999,3.068,9.912,375.0,228.34,,,
2018-05-04,1357.0843505859375,0.0,0,0.0,7.007095,0.62189585,1947820800.0,8.420999,3.068,9.912,375.0,228.34,,,
2018-05-07,1364.8388671875,0.5714100673413824,4000,5459355.46875,7.007095,0.62189585,1947820800.0,8.420999,3.068,9.912,375.0,228.34,,,
2018-05-08,1372.59375,0.5681903555751155,3800,5215856.25,7.007095,0.62189585,1947820800.0,8.420999,3.068,9.912,375.0,228.34,,,
2018-05-09,1380.3486328125,0.5649801926097986,7000,9662440.4296875,7.007095,0.62189585,1947820800.0,8.420999,3.068,9.912,375.0,228.34,,,
2018-05-10,1380.3486328125,0.0,5600,7729952.34375,7.007095,0.62189585,1947820800.0,8.420999,3.068,9.912,375.0,228.34,,,
2018-05-11,1349.32958984375,-2.247189023945917,2400,3238391.015625,7.007095,0.62189585,1947820800.0,8.420999,3.068,9.912,375.0,228.34,,,
2018-05-14,1318.310302734375,-2.2988665884787207,2000,2636620.60546875,7.007095,0.62189585,1947820800.0,8.420999,3.068,9.912,375.0,228.34,,,
2018-05-15,1388.103271484375,5.294122984948135,10200,14158653.369140623,7.007095,0.62189585,1947820800.0,8.420999,3.068,9.912,375.0,228.34,,,
2018-05-16,1372.59375,-1.1173175514376354,8100,11118009.375,7.007095,0.62189585,1947820800.0,8.420999,3.068,9.912,375.0,228.34,,,
2018-05-17,1357.0843505859375,-1.1299337050064917,3300,4478378.356933594,7.007095,0.62189585,1947820800.0,8.420999,3.068,9.912,375.0,228.34,,,
2018-05-18,1364.8388671875,0.5714100673413824,2800,3821548.828125,7.007095,0.62189585,1947820800.0,8.420999,3.068,9.912,375.0,228.34,,,
2018-05-21,1357.0843505859375,-0.5681635237676175,4700,6378296.447753906,7.007095,0.62189585,1947820800.0,8.420999,3.068,9.912,375.0,228.34,,,
2018-05-22,1426.8770751953125,5.142843521792972,32100,45802754.11376953,7.007095,0.62189585,1947820800.0,8.420999,3.068,9.912,375.0,228.34,,,
2018-05-23,1364.8388671875,-4.347831294389581,8400,11464646.484375,7.007095,0.62189585,1947820800.0,8.420999,3.068,9.912,375.0,228.34,,,
2018-05-24,1388.103271484375,1.704553178853674,5700,7912188.6474609375,7.007095,0.62189585,1947820800.0,8.420999,3.068,9.912,375.0,228.34,,,
2018-05-25,1388.103271484375,0.0,0,0.0,7.007095,0.62189585,1947820800.0,8.420999,3.068,9.912,375.0,228.34,,,
2018-05-28,1364.8388671875,-1.6759851211932577,410,559583.935546875,7.007095,0.62189585,1947820800.0,8.420999,3.068,9.912,375.0,228.34,,,
2018-05-29,1364.8388671875,0.0,0,0.0,7.007095,0.62189585,1947820800.0,8.420999,3.068,9.912,375.0,228.34,,,
2018-05-30,1302.8006591796875,-4.545460237050081,1500,1954200.9887695312,7.007095,0.62189585,1947820800.0,8.420999,3.068,9.912,375.0,228.34,,,
2018-05-31,1291.9442138671875,-0.83331592105087,1000,1291944.2138671875,7.007095,0.62189585,1947820800.0,8.420999,3.068,9.912,375.0,228.34,,,
2018-06-01,1277.210205078125,-1.1404523996403126,1400,1788094.287109375,7.007095,0.62189585,1947820800.0,8.420999,3.068,9.912,375.0,228.34,,,
2018-06-04,1298.923583984375,1.7000630608742906,3600,4676124.90234375,7.007095,0.62189585,1947820800.0,8.420999,3.068,9.912,375.0,228.34,,,
2018-06-05,1288.8421630859375,-0.7761365659027741,1900,2448800.109863281,7.007095,0.62189585,1947820800.0,8.420999,3.068,9.912,375.0,228.34,,,
2018-06-06,1297.3724365234375,0.661855553908608,2600,3373168.334960937,7.007095,0.62189585,1947820800.0,8.420999,3.068,9.912,375.0,228.34,,,
2018-06-07,1297.3724365234375,0.0,0,0.0,7.007095,0.62189585,1947820800.0,8.420999,3.068,9.912,375.0,228.34,,,
2018-06-08,1302.8006591796875,0.4184012626933908,1700,2214761.1206054688,7.007095,0.62189585,1947820800.0,8.420999,3.068,9.912,375.0,228.34,,,
2018-06-11,1289.61767578125,-1.0118956653536126,1700,2192350.048828125,7.007095,0.62189585,1947820800.0,8.420999,3.068,9.912,375.0,228.34,,,
2018-06-12,1253.1702880859375,-2.826216512055224,4300,5388632.238769531,7.007095,0.62189585,1947820800.0,8.420999,3.068,9.912,375.0,228.34,,,
2018-06-13,1250.0684814453125,-0.2475167716721626,2800,3500191.748046875,7.007095,0.62189585,1947820800.0,8.420999,3.068,9.912,375.0,228.34,,,
2018-06-14,1248.5174560546875,-0.1240752337689277,1800,2247331.420898437,7.007095,0.62189585,1947820800.0,8.420999,3.068,9.912,375.0,228.34,,,
2018-06-15,1250.843994140625,0.186344057478327,1900,2376603.5888671875,7.007095,0.62189585,1947820800.0,8.420999,3.068,9.912,375.0,228.34,,,
2018-06-18,1195.0093994140625,-4.463753672569126,13700,16371628.771972656,7.007095,0.62189585,1947820800.0,8.420999,3.068,9.912,375.0,228.34,,,
2018-06-19,1180.2755126953125,-1.2329515337682118,1600,1888440.8203125,7.007095,0.62189585,1947820800.0,8.420999,3.068,9.912,375.0,228.34,,,
2018-06-20,1188.805908203125,0.7227461229228016,2100,2496492.4072265625,7.007095,0.62189585,1947820800.0,8.420999,3.068,9.912,375.0,228.34,,,
2018-06-21,1188.805908203125,0.0,1000,1188805.908203125,7.007095,0.62189585,1947820800.0,8.420999,3.068,9.912,375.0,228.34,,,
2018-06-22,1181.0509033203125,-0.6523356612968212,800,944840.72265625,7.007095,0.62189585,1947820800.0,8.420999,3.068,9.912,375.0,228.34,,,
2018-06-25,1170.969970703125,-0.8535561497685418,2000,2341939.94140625,7.007095,0.62189585,1947820800.0,8.420999,3.068,9.912,375.0,228.34,,,
2018-06-26,1149.2562255859375,-1.854338340047201,3800,4367173.6572265625,7.007095,0.62189585,1947820800.0,8.420999,3.068,9.912,375.0,228.34,,,
2018-06-27,1163.2149658203125,1.2145890466904508,3400,3954930.883789064,7.007095,0.62189585,1947820800.0,8.420999,3.068,9.912,375.0,228.34,,,
2018-06-28,1159.337646484375,-0.3333278413593321,200,231867.529296875,7.007095,0.62189585,1947820800.0,8.420999,3.068,9.912,375.0,228.34,,,
2018-06-29,1162.4395751953125,0.2675604230004902,1900,2208635.1928710938,7.007095,0.62189585,1947820800.0,8.420999,3.068,9.912,375.0,228.34,,,
2018-07-02,1159.337646484375,-0.2668464475167553,300,347801.2939453125,7.007095,0.62189585,1947820800.0,8.420999,3.068,9.912,375.0,228.34,,,
2018-07-03,1170.969970703125,1.0033594832380643,5500,6440334.838867188,7.007095,0.62189585,1947820800.0,8.420999,3.068,9.912,375.0,228.34,,,
2018-07-04,1147.7054443359375,-1.986773952300247,1700,1951099.2553710933,7.007095,0.62189585,1947820800.0,8.420999,3.068,9.912,375.0,228.34,,,
2018-07-05,1120.563720703125,-2.364868422186206,1700,1904958.3251953125,7.007095,0.62189585,1947820800.0,8.420999,3.068,9.912,375.0,228.34,,,
2018-07-06,1036.036865234375,-7.543243985778114,16300,16887400.903320312,7.007095,0.62189585,1947820800.0,8.420999,3.068,9.912,375.0,228.34,,,
2018-07-09,1036.036865234375,0.0,0,0.0,7.007095,0.62189585,1947820800.0,8.420999,3.068,9.912,375.0,228.34,,,
2018-07-10,1059.30126953125,2.245518965351878,2100,2224532.666015625,7.007095,0.62189585,1947820800.0,8.420999,3.068,9.912,375.0,228.34,,,
2018-07-11,1043.01611328125,-1.5373488844402372,2800,2920445.1171875,7.007095,0.62189585,1947820800.0,8.420999,3.068,9.912,375.0,228.34,,,
2018-07-12,1015.8743896484376,-2.6022343554623184,3400,3453972.9248046875,7.007095,0.62189585,1947820800.0,8.420999,3.068,9.912,375.0,228.34,,,
2018-07-13,1015.8743896484376,0.0,4000,4063497.55859375,7.007095,0.62189585,1947820800.0,8.420999,3.068,9.912,375.0,228.34,,,
2018-07-16,1015.8743896484376,0.0,0,0.0,7.007095,0.62189585,1947820800.0,8.420999,3.068,9.912,375.0,228.34,,,
2018-07-17,984.8553466796876,-3.0534329130479154,6000,5909132.080078125,7.007095,0.62189585,1947820800.0,8.420999,3.068,9.912,375.0,228.34,,,
2018-07-18,984.8553466796876,0.0,3100,3053051.5747070312,7.007095,0.62189585,1947820800.0,8.420999,3.068,9.912,375.0,228.34,,,
2018-07-19,973.2233276367188,-1.1810890890915693,2800,2725025.3173828125,7.007095,0.62189585,1947820800.0,8.420999,3.068,9.912,375.0,228.34,,,
2018-07-20,980.20263671875,0.7171333530382018,1200,1176243.1640625,7.007095,0.62189585,1947820800.0,8.420999,3.068,9.912,375.0,228.34,,,
2018-07-23,980.20263671875,0.0,1300,1274263.427734375,7.007095,0.62189585,1947820800.0,8.420999,3.068,9.912,375.0,228.34,,,
2018-07-24,986.4061279296876,0.6328784455940539,1200,1183687.353515625,7.007095,0.62189585,1947820800.0,8.420999,3.068,9.912,375.0,228.34,,,
2018-07-25,994.1611938476562,0.7861940126269618,3700,3678396.417236328,7.007095,0.62189585,1947820800.0,8.420999,3.068,9.912,375.0,228.34,,,
2018-07-26,1000.3648071289062,0.624004771021136,500,500182.4035644531,7.007095,0.62189585,1947820800.0,8.420999,3.068,9.912,375.0,228.34,,,
2018-07-27,1008.1198120117188,0.7752176833439206,4400,4435727.1728515625,7.007095,0.62189585,1947820800.0,8.420999,3.068,9.912,375.0,228.34,,,
2018-07-30,1005.0177612304688,-0.3077065587134719,1500,1507526.6418457031,7.007095,0.62189585,1947820800.0,8.420999,3.068,9.912,375.0,228.34,,,
2018-07-31,1011.9971313476562,0.6944524153127851,2200,2226393.688964844,7.007095,0.62189585,1947820800.0,8.420999,3.068,9.912,375.0,228.34,,,
2018-08-01,1011.9971313476562,0.0,700,708397.9919433594,7.007095,0.62189585,1947820800.0,8.420999,3.068,9.912,375.0,228.34,,,
2018-08-02,1007.34423828125,-0.4597733454254071,1100,1108078.662109375,7.007095,0.62189585,1947820800.0,8.420999,3.068,9.912,375.0,228.34,,,
2018-08-03,1015.8743896484376,0.8467960646443728,2400,2438098.53515625,7.007095,0.62189585,1947820800.0,8.420999,3.068,9.912,375.0,228.34,,,
2018-08-06,987.181884765625,-2.824414629917193,1500,1480772.8271484375,7.007095,0.62189585,1947820800.0,8.420999,3.068,9.912,375.0,228.34,,,
2018-08-07,1004.2423706054688,1.7282008617788058,900,903818.133544922,7.007095,0.62189585,1947820800.0,8.420999,3.068,9.912,375.0,228.34,,,
2018-08-08,993.3856201171876,-1.0810886700324709,1100,1092724.1821289062,7.007095,0.62189585,1947820800.0,8.420999,3.068,9.912,375.0,228.34,,,
2018-08-09,1007.34423828125,1.4051560523310025,1300,1309547.509765625,7.007095,0.62189585,1947820800.0,8.420999,3.068,9.912,375.0,228.34,,,
2018-08-10,985.6309204101562,-2.1555012721511613,1900,1872698.7487792969,7.007095,0.62189585,1947820800.0,8.420999,3.068,9.912,375.0,228.34,,,
2018-08-13,982.5288696289062,-0.3147274214935436,1800,1768551.9653320312,7.007095,0.62189585,1947820800.0,8.420999,3.068,9.912,375.0,228.34,,,
2018-08-14,982.5288696289062,0.0,100,98252.88696289062,7.007095,0.62189585,1947820800.0,8.420999,3.068,9.912,375.0,228.34,,,
2018-08-15,982.5288696289062,0.0,0,0.0,7.007095,0.62189585,1947820800.0,8.420999,3.068,9.912,375.0,228.34,,,
2018-08-16,977.1005859375,-0.5524808338157494,600,586260.3515625,7.007095,0.62189585,1947820800.0,8.420999,3.068,9.912,375.0,228.34,,,
2018-08-17,988.7327270507812,1.190475298110738,300,296619.8181152344,7.007095,0.62189585,1947820800.0,8.420999,3.068,9.912,375.0,228.34,,,
2018-08-20,988.7327270507812,0.0,0,0.0,7.007095,0.62189585,1947820800.0,8.420999,3.068,9.912,375.0,228.34,,,
2018-08-21,988.7327270507812,0.0,0,0.0,7.007095,0.62189585,1947820800.0,8.420999,3.068,9.912,375.0,228.34,,,
2018-08-22,1007.34423828125,1.882360189086052,3000,3022032.71484375,7.007095,0.62189585,1947820800.0,8.420999,3.068,9.912,375.0,228.34,,,
2018-08-23,1007.34423828125,0.0,700,705140.966796875,7.007095,0.62189585,1947820800.0,8.420999,3.068,9.912,375.0,228.34,,,
2018-08-24,1014.3233642578124,0.6928243306846493,3600,3651564.111328125,7.007095,0.62189585,1947820800.0,8.420999,3.068,9.912,375.0,228.34,,,
2018-08-27,1015.8743896484376,0.1529123202007598,2500,2539685.9741210938,7.007095,0.62189585,1947820800.0,8.420999,3.068,9.912,375.0,228.34,,,
2018-08-28,1043.01611328125,2.671759807056984,2800,2920445.1171875,7.007095,0.62189585,1947820800.0,8.420999,3.068,9.912,375.0,228.34,,,
2018-08-29,1046.8935546875,0.3717527808896337,1700,1779719.04296875,7.007095,0.62189585,1947820800.0,8.420999,3.068,9.912,375.0,228.34,,,
2018-08-30,1076.361572265625,2.8148055211707934,2800,3013812.40234375,7.007095,0.62189585,1947820800.0,8.420999,3.068,9.912,375.0,228.34,,,
2018-08-31,1076.361572265625,0.0,0,0.0,7.007095,0.62189585,1947820800.0,8.420999,3.068,9.912,375.0,228.34,,,
2018-09-03,1113.58447265625,3.458215282832411,1600,1781735.15625,7.007095,0.62189585,1947820800.0,8.420999,3.068,9.912,375.0,228.34,,,
2018-09-04,1122.11474609375,0.7660194306726043,800,897691.796875,7.007095,0.62189585,1947820800.0,8.420999,3.068,9.912,375.0,228.34,,,
2018-09-05,1093.4222412109375,-2.5570027470626755,2300,2514871.154785156,7.007095,0.62189585,1947820800.0,8.420999,3.068,9.912,375.0,228.34,,,
2018-09-06,1093.4222412109375,0.0,0,0.0,7.007095,0.62189585,1947820800.0,8.420999,3.068,9.912,375.0,228.34,,,
2018-09-07,1093.4222412109375,0.0,0,0.0,7.007095,0.62189585,1947820800.0,8.420999,3.068,9.912,375.0,228.34,,,
2018-09-10,1091.871337890625,-0.1418393793229277,1000,1091871.337890625,7.007095,0.62189585,1947820800.0,8.420999,3.068,9.912,375.0,228.34,,,
2018-09-11,1098.0750732421875,0.5681745766444868,2200,2415765.1611328125,7.007095,0.62189585,1947820800.0,8.420999,3.068,9.912,375.0,228.34,,,
2018-09-12,1098.0750732421875,0.0,0,0.0,7.007095,0.62189585,1947820800.0,8.420999,3.068,9.912,375.0,228.34,,,
2018-09-13,1098.0750732421875,0.0,0,0.0,7.007095,0.62189585,1947820800.0,8.420999,3.068,9.912,375.0,228.34,,,
2018-09-14,1098.0750732421875,0.0,0,0.0,7.007095,0.62189585,1947820800.0,8.420999,3.068,9.912,375.0,228.34,,,
2018-09-17,1098.0750732421875,0.0,0,0.0,7.007095,0.62189585,1947820800.0,8.420999,3.068,9.912,375.0,228.34,,,
2018-09-18,1098.8504638671875,0.0706136259619016,1200,1318620.556640625,7.007095,0.62189585,1947820800.0,8.420999,3.068,9.912,375.0,228.34,,,
2018-09-19,1112.033447265625,1.1997067692033792,800,889626.7578125,7.007095,0.62189585,1947820800.0,8.420999,3.068,9.912,375.0,228.34,,,
2018-09-20,1105.829833984375,-0.5578621125564176,1400,1548161.767578125,7.007095,0.62189585,1947820800.0,8.420999,3.068,9.912,375.0,228.34,,,
2018-09-21,1103.503173828125,-0.2103994742000181,900,993152.8564453124,7.007095,0.62189585,1947820800.0,8.420999,3.068,9.912,375.0,228.34,,,
2018-09-24,1103.503173828125,0.0,0,0.0,7.007095,0.62189585,1947820800.0,8.420999,3.068,9.912,375.0,228.34,,,
2018-09-25,1095.7486572265625,-0.7027181058901322,1400,1534048.1201171875,7.007095,0.62189585,1947820800.0,8.420999,3.068,9.912,375.0,228.34,,,
2018-09-26,1084.891845703125,-0.990812213351655,500,542445.9228515625,7.007095,0.62189585,1947820800.0,8.420999,3.068,9.912,375.0,228.34,,,
2018-09-27,1110.4825439453125,2.3588248306541493,7400,8217570.825195312,7.007095,0.62189585,1947820800.0,8.420999,3.068,9.912,375.0,228.34,,,
2018-09-28,1087.9937744140625,-2.0251348977852524,2500,2719984.436035156,7.007095,0.62189585,1947820800.0,8.420999,3.068,9.912,375.0,228.34,,,
2018-10-01,1074.8106689453125,-1.2116894212790608,4100,4406723.742675781,7.007095,0.62189585,1947820800.0,8.420999,3.068,9.912,375.0,228.34,,,
2018-10-02,1091.871337890625,1.5873185332309525,2800,3057239.74609375,7.007095,0.62189585,1947820800.0,8.420999,3.068,9.912,375.0,228.34,,,
2018-10-03,1071.708740234375,-1.846609298784408,2900,3107955.3466796875,7.007095,0.62189585,1947820800.0,8.420999,3.068,9.912,375.0,228.34,,,
2018-10-04,1112.033447265625,3.7626554228186393,4200,4670540.478515625,7.007095,0.62189585,1947820800.0,8.420999,3.068,9.912,375.0,228.34,,,
2018-10-05,1086.44287109375,-2.3012415889827387,900,977798.583984375,7.007095,0.62189585,1947820800.0,8.420999,3.068,9.912,375.0,228.34,,,
2018-10-08,1086.44287109375,0.0,0,0.0,7.007095,0.62189585,1947820800.0,8.420999,3.068,9.912,375.0,228.34,,,
2018-10-09,1072.484375,-1.284788778603485,1700,1823223.4375,7.007095,0.62189585,1947820800.0,8.420999,3.068,9.912,375.0,228.34,,,
2018-10-10,1084.891845703125,1.1568905796995876,2500,2712229.6142578125,7.007095,0.62189585,1947820800.0,8.420999,3.068,9.912,375.0,228.34,,,
2018-10-11,1010.4461669921876,-6.862036893888613,5900,5961632.385253906,7.007095,0.62189585,1947820800.0,8.420999,3.068,9.912,375.0,228.34,,,
2018-10-12,1036.8123779296875,2.609363249502428,1300,1347856.0913085938,7.007095,0.62189585,1947820800.0,8.420999,3.068,9.912,375.0,228.34,,,
2018-10-15,1023.6290283203124,-1.2715270274550106,1600,1637806.4453125,7.007095,0.62189585,1947820800.0,8.420999,3.068,9.912,375.0,228.34,,,
2018-10-16,1018.200927734375,-0.5302800561297616,500,509100.4638671875,7.007095,0.62189585,1947820800.0,8.420999,3.068,9.912,375.0,228.34,,,
2018-10-17,1039.914306640625,2.132523975848754,900,935922.8759765624,7.007095,0.62189585,1947820800.0,8.420999,3.068,9.912,375.0,228.34,,,
2018-10-18,1036.8123779296875,-0.2982869541393373,2900,3006755.8959960938,7.007095,0.62189585,1947820800.0,8.420999,3.068,9.912,375.0,228.34,,,
2018-10-19,1053.0972900390625,1.5706710737667606,3000,3159291.8701171875,7.007095,0.62189585,1947820800.0,8.420999,3.068,9.912,375.0,228.34,,,
2018-10-22,1056.974609375,0.368182443598708,1100,1162672.0703125,7.007095,0.62189585,1947820800.0,8.420999,3.068,9.912,375.0,228.34,,,
2018-10-23,1051.54638671875,-0.5135622566619369,800,841237.109375,7.007095,0.62189585,1947820800.0,8.420999,3.068,9.912,375.0,228.34,,,
2018-10-24,1046.8935546875,-0.442475205089976,300,314068.06640625,7.007095,0.62189585,1947820800.0,8.420999,3.068,9.912,375.0,228.34,,,
2018-10-25,1006.56884765625,-3.851844043808928,1700,1711167.041015625,7.007095,0.62189585,1947820800.0,8.420999,3.068,9.912,375.0,228.34,,,
2018-10-26,994.1611938476562,-1.23266817143054,2300,2286570.7458496094,7.007095,0.62189585,1947820800.0,8.420999,3.068,9.912,375.0,228.34,,,
2018-10-29,970.121337890625,-2.4181044387772688,1100,1067133.4716796875,7.007095,0.62189585,1947820800.0,8.420999,3.068,9.912,375.0,228.34,,,
2018-10-30,1001.9158935546876,3.2773792743487906,900,901724.3041992188,7.007095,0.62189585,1947820800.0,8.420999,3.068,9.912,375.0,228.34,,,
2018-10-31,1011.2216796875,0.9287991330087176,3400,3438153.7109375,7.007095,0.62189585,1947820800.0,8.420999,3.068,9.912,375.0,228.34,,,
2018-11-01,1016.6498413085938,0.536792449185941,1600,1626639.74609375,7.007095,0.62189585,1947820800.0,8.420999,3.068,9.912,375.0,228.34,,,
2018-11-02,1018.200927734375,0.1525684028814478,2600,2647322.412109375,7.007095,0.62189585,1947820800.0,8.420999,3.068,9.912,375.0,228.34,,,
2018-11-05,1015.8743896484376,-0.2284949878325393,2800,2844448.291015625,7.007095,0.62189585,1947820800.0,8.420999,3.068,9.912,375.0,228.34,,,
2018-11-06,1010.4461669921876,-0.5343399451312569,300,303133.85009765625,7.007095,0.62189585,1947820800.0,8.420999,3.068,9.912,375.0,228.34,,,
2018-11-07,1010.4461669921876,0.0,0,0.0,7.007095,0.62189585,1947820800.0,8.420999,3.068,9.912,375.0,228.34,,,
2018-11-08,994.1611938476562,-1.611661627952632,3300,3280731.9396972656,7.007095,0.62189585,1947820800.0,8.420999,3.068,9.912,375.0,228.34,,,
2018-11-09,1000.3648071289062,0.624004771021136,1200,1200437.7685546875,7.007095,0.62189585,1947820800.0,8.420999,3.068,9.912,375.0,228.34,,,
2018-11-12,1003.4669189453124,0.3100980556592692,900,903120.2270507812,7.007095,0.62189585,1947820800.0,8.420999,3.068,9.912,375.0,228.34,,,
2018-11-13,1003.4669189453124,0.0,0,0.0,7.007095,0.62189585,1947820800.0,8.420999,3.068,9.912,375.0,228.34,,,
2018-11-14,1005.793212890625,0.2318256737110502,200,201158.642578125,7.007095,0.62189585,1947820800.0,8.420999,3.068,9.912,375.0,228.34,,,
2018-11-15,1005.793212890625,0.0,0,0.0,7.007095,0.62189585,1947820800.0,8.420999,3.068,9.912,375.0,228.34,,,
2018-11-16,987.181884765625,-1.8504129761933383,1500,1480772.8271484375,7.007095,0.62189585,1947820800.0,8.420999,3.068,9.912,375.0,228.34,,,
2018-11-19,987.181884765625,0.0,0,0.0,7.007095,0.62189585,1947820800.0,8.420999,3.068,9.912,375.0,228.34,,,
2018-11-20,977.1005859375,-1.021219998432055,1700,1661070.99609375,7.007095,0.62189585,1947820800.0,8.420999,3.068,9.912,375.0,228.34,,,
2018-11-21,981.75341796875,0.4761876206210269,400,392701.3671875,7.007095,0.62189585,1947820800.0,8.420999,3.068,9.912,375.0,228.34,,,
2018-11-22,981.75341796875,0.0,0,0.0,7.007095,0.62189585,1947820800.0,8.420999,3.068,9.912,375.0,228.34,,,
2018-11-23,981.75341796875,0.0,0,0.0,7.007095,0.62189585,1947820800.0,8.420999,3.068,9.912,375.0,228.34,,,
2018-11-26,984.0798950195312,0.2369716273149968,900,885671.9055175781,7.007095,0.62189585,1947820800.0,8.420999,3.068,9.912,375.0,228.34,,,
2018-11-27,984.0798950195312,0.0,0,0.0,7.007095,0.62189585,1947820800.0,8.420999,3.068,9.912,375.0,228.34,,,
2018-11-28,971.371826171875,-1.2913655600497842,3900,3788350.122070313,7.007095,0.62189585,1947820800.0,8.420999,3.068,9.912,375.0,228.34,,,
2018-11-29,971.371826171875,0.0,2200,2137018.017578125,7.007095,0.62189585,1947820800.0,8.420999,3.068,9.912,375.0,228.34,,,
2018-11-30,962.6350708007812,-0.8994244156251496,400,385054.0283203125,7.007095,0.62189585,1947820800.0,8.420999,3.068,9.912,375.0,228.34,,,
2018-12-03,986.4625854492188,2.475238579103123,4000,3945850.341796875,7.007095,0.62189585,1947820800.0,8.420999,3.068,9.912,375.0,228.34,,,
2018-12-04,986.4625854492188,0.0,0,0.0,7.007095,0.62189585,1947820800.0,8.420999,3.068,9.912,375.0,228.34,,,
2018-12-05,966.6063232421876,-2.0128753487380413,1400,1353248.8525390625,7.007095,0.62189585,1947820800.0,8.420999,3.068,9.912,375.0,228.34,,,
2018-12-06,966.6063232421876,0.0,0,0.0,7.007095,0.62189585,1947820800.0,8.420999,3.068,9.912,375.0,228.34,,,
2018-12-07,922.128173828125,-4.601475113971332,3800,3504087.060546875,7.007095,0.62189585,1947820800.0,8.420999,3.068,9.912,375.0,228.34,,,
2018-12-10,899.8890991210938,-2.411711878914613,1500,1349833.6486816406,7.007095,0.62189585,1947820800.0,8.420999,3.068,9.912,375.0,228.34,,,
2018-12-11,818.0809326171875,-9.090916490021597,4400,3599556.103515625,7.007095,0.62189585,1947820800.0,8.420999,3.068,9.912,375.0,228.34,,,
2018-12-12,834.76025390625,2.03883511081262,2400,2003424.609375,7.007095,0.62189585,1947820800.0,8.420999,3.068,9.912,375.0,228.34,,,
2018-12-13,833.1718139648438,-0.1902869637088189,2300,1916295.1721191409,7.007095,0.62189585,1947820800.0,8.420999,3.068,9.912,375.0,228.34,,,
2018-12-14,842.7028198242188,1.1439424257548405,1900,1601135.3576660156,7.007095,0.62189585,1947820800.0,8.420999,3.068,9.912,375.0,228.34,,,
2018-12-17,811.7268676757812,-3.675785985253832,3400,2759871.350097656,7.007095,0.62189585,1947820800.0,8.420999,3.068,9.912,375.0,228.34,,,
2018-12-18,791.8705444335938,-2.446182827364352,5600,4434475.048828125,7.007095,0.62189585,1947820800.0,8.420999,3.068,9.912,375.0,228.34,,,
2018-12-19,793.4590454101562,0.2006010941723701,2500,1983647.6135253904,7.007095,0.62189585,1947820800.0,8.420999,3.068,9.912,375.0,228.34,,,
2018-12-20,766.4545288085938,-3.4033913606219324,3000,2299363.586425781,7.007095,0.62189585,1947820800.0,8.420999,3.068,9.912,375.0,228.34,,,
2018-12-21,741.8325805664062,-3.212447355547732,3100,2299680.9997558594,7.007095,0.62189585,1947820800.0,8.420999,3.068,9.912,375.0,228.34,,,
2018-12-24,741.8325805664062,0.0,0,0.0,7.007095,0.62189585,1947820800.0,8.420999,3.068,9.912,375.0,228.34,,,
2018-12-25,710.0624389648438,-4.282656549986696,800,568049.951171875,7.007095,0.62189585,1947820800.0,8.420999,3.068,9.912,375.0,228.34,,,
2018-12-26,710.0624389648438,0.0,0,0.0,7.007095,0.62189585,1947820800.0,8.420999,3.068,9.912,375.0,228.34,,,
2018-12-27,791.8705444335938,11.52125517130762,18100,14332856.854248049,7.007095,0.62189585,1947820800.0,8.420999,3.068,9.912,375.0,228.34,,,
2018-12-28,781.5453491210938,-1.3038994044014318,2900,2266481.512451172,7.007095,0.62189585,1947820800.0,8.420999,3.068,9.912,375.0,228.34,,,
2018-12-31,781.5453491210938,0.0,0,0.0,7.007095,0.62189585,1947820800.0,8.420999,3.068,9.912,375.0,228.34,,,
2019-01-04,793.4590454101562,1.5243768390996504,1200,952150.8544921876,7.007095,0.62189585,1947820800.0,8.420999,3.068,9.912,375.0,228.34,,,
2019-01-07,793.4590454101562,0.0,0,0.0,7.007095,0.62189585,1947820800.0,8.420999,3.068,9.912,375.0,228.34,,,
2019-01-08,798.224609375,0.6006061676920416,600,478934.765625,7.007095,0.62189585,1947820800.0,8.420999,3.068,9.912,375.0,228.34,,,
2019-01-09,772.8085327148438,-3.1840758054373586,1100,850089.3859863281,7.007095,0.62189585,1947820800.0,8.420999,3.068,9.912,375.0,228.34,,,
2019-01-10,772.8085327148438,0.0,0,0.0,7.007095,0.62189585,1947820800.0,8.420999,3.068,9.912,375.0,228.34,,,
2019-01-11,776.77978515625,0.5138727476850402,1700,1320525.634765625,7.007095,0.62189585,1947820800.0,8.420999,3.068,9.912,375.0,228.34,,,
2019-01-15,781.5453491210938,0.6135025725322096,1800,1406781.6284179688,7.007095,0.62189585,1947820800.0,8.420999,3.068,9.912,375.0,228.34,,,
2019-01-16,794.2533569335938,1.626010291890423,2900,2303334.735107422,7.007095,0.62189585,1947820800.0,8.420999,3.068,9.912,375.0,228.34,,,
2019-01-17,795.0475463867188,0.0999919542286953,1600,1272076.07421875,7.007095,0.62189585,1947820800.0,8.420999,3.068,9.912,375.0,228.34,,,
2019-01-18,783.927978515625,-1.3986041365235624,2500,1959819.9462890625,7.007095,0.62189585,1947820800.0,8.420999,3.068,9.912,375.0,228.34,,,
2019-01-21,796.6360473632812,1.6210760676917069,1800,1433944.8852539062,7.007095,0.62189585,1947820800.0,8.420999,3.068,9.912,375.0,228.34,,,
2019-01-22,775.9855346679688,-2.592214194130671,1700,1319175.4089355469,7.007095,0.62189585,1947820800.0,8.420999,3.068,9.912,375.0,228.34,,,
2019-01-23,783.927978515625,1.023529884620178,400,313571.19140625,7.007095,0.62189585,1947820800.0,8.420999,3.068,9.912,375.0,228.34,,,
2019-01-24,783.927978515625,0.0,0,0.0,7.007095,0.62189585,1947820800.0,8.420999,3.068,9.912,375.0,228.34,,,
2019-01-25,794.2533569335938,1.3171335506509063,2200,1747357.3852539062,7.007095,0.62189585,1947820800.0,8.420999,3.068,9.912,375.0,228.34,,,
2019-01-28,787.1051025390625,-0.8999967494161876,1800,1416789.1845703125,7.007095,0.62189585,1947820800.0,8.420999,3.068,9.912,375.0,228.34,,,
2019-01-29,792.6648559570312,0.7063546405726484,400,317065.9423828125,7.007095,0.62189585,1947820800.0,8.420999,3.068,9.912,375.0,228.34,,,
2019-01-30,797.4302978515625,0.6011925290642095,400,318972.119140625,7.007095,0.62189585,1947820800.0,8.420999,3.068,9.912,375.0,228.34,,,
2019-01-31,801.401611328125,0.49801386870576,800,641121.2890625,7.007095,0.62189585,1947820800.0,8.420999,3.068,9.912,375.0,228.34,,,
2019-02-01,801.401611328125,0.0,0,0.0,7.007095,0.62189585,1947820800.0,8.420999,3.068,9.912,375.0,228.34,,,
2019-02-04,803.7843627929688,0.2973230189661002,600,482270.6176757813,7.007095,0.62189585,1947820800.0,8.420999,3.068,9.912,375.0,228.34,,,
2019-02-05,793.4590454101562,-1.2845879891136949,500,396729.5227050781,7.007095,0.62189585,1947820800.0,8.420999,3.068,9.912,375.0,228.34,,,
2019-02-06,789.4878540039062,-0.5004910372150562,1000,789487.8540039062,7.007095,0.62189585,1947820800.0,8.420999,3.068,9.912,375.0,228.34,,,
2019-02-07,789.4878540039062,0.0,0,0.0,7.007095,0.62189585,1947820800.0,8.420999,3.068,9.912,375.0,228.34,,,
2019-02-08,789.4878540039062,0.0,600,473692.71240234375,7.007095,0.62189585,1947820800.0,8.420999,3.068,9.912,375.0,228.34,,,
2019-02-12,793.4590454101562,0.5030085499238446,1600,1269534.47265625,7.007095,0.62189585,1947820800.0,8.420999,3.068,9.912,375.0,228.34,,,
2019-02-13,783.1337890625,-1.3012966967083872,800,626507.03125,7.007095,0.62189585,1947820800.0,8.420999,3.068,9.912,375.0,228.34,,,
2019-02-14,783.1337890625,0.0,0,0.0,7.007095,0.62189585,1947820800.0,8.420999,3.068,9.912,375.0,228.34,,,
2019-02-15,789.4878540039062,0.8113639112689475,1500,1184231.7810058594,7.007095,0.62189585,1947820800.0,8.420999,3.068,9.912,375.0,228.34,,,
2019-02-18,789.4878540039062,0.0,0,0.0,7.007095,0.62189585,1947820800.0,8.420999,3.068,9.912,375.0,228.34,,,
2019-02-19,794.2533569335938,0.6036195370858533,900,714828.0212402344,7.007095,0.62189585,1947820800.0,8.420999,3.068,9.912,375.0,228.34,,,
2019-02-20,793.4590454101562,-0.1000073234193377,1300,1031496.7590332032,7.007095,0.62189585,1947820800.0,8.420999,3.068,9.912,375.0,228.34,,,
2019-02-21,791.8705444335938,-0.2001994918012895,1600,1266992.87109375,7.007095,0.62189585,1947820800.0,8.420999,3.068,9.912,375.0,228.34,,,
2019-02-22,792.6648559570312,0.1003082548051592,1000,792664.8559570312,7.007095,0.62189585,1947820800.0,8.420999,3.068,9.912,375.0,228.34,,,
2019-02-25,792.6648559570312,0.0,0,0.0,7.007095,0.62189585,1947820800.0,8.420999,3.068,9.912,375.0,228.34,,,
2019-02-26,790.281982421875,-0.3006155145202305,1200,948338.37890625,7.007095,0.62189585,1947820800.0,8.420999,3.068,9.912,375.0,228.34,,,
2019-02-27,792.6648559570312,0.3015219362402455,1100,871931.3415527344,7.007095,0.62189585,1947820800.0,8.420999,3.068,9.912,375.0,228.34,,,
2019-02-28,792.6648559570312,0.0,0,0.0,7.007095,0.62189585,1947820800.0,8.420999,3.068,9.912,375.0,228.34,,,
2019-03-01,790.281982421875,-0.3006155145202305,2000,1580563.96484375,7.007095,0.62189585,1947820800.0,8.420999,3.068,9.912,375.0,228.34,,,
2019-03-04,794.2533569335938,0.5025262627838423,500,397126.6784667969,7.007095,0.62189585,1947820800.0,8.420999,3.068,9.912,375.0,228.34,,,
2019-03-05,797.4302978515625,0.3999908707007726,600,478458.1787109375,7.007095,0.62189585,1947820800.0,8.420999,3.068,9.912,375.0,228.34,,,
2019-03-06,807.755615234375,1.2948238122668432,1700,1373184.5458984375,7.007095,0.62189585,1947820800.0,8.420999,3.068,9.912,375.0,228.34,,,
2019-03-07,807.755615234375,0.0,0,0.0,7.007095,0.62189585,1947820800.0,8.420999,3.068,9.912,375.0,228.34,,,
2019-03-08,779.1625366210938,-3.5398179937114804,3600,2804985.131835937,7.007095,0.62189585,1947820800.0,8.420999,3.068,9.912,375.0,228.34,,,
2019-03-11,779.1625366210938,0.0,0,0.0,7.007095,0.62189585,1947820800.0,8.420999,3.068,9.912,375.0,228.34,,,
2019-03-12,778.3682861328125,-0.1019364318676774,200,155673.6572265625,7.007095,0.62189585,1947820800.0,8.420999,3.068,9.912,375.0,228.34,,,
2019-03-13,778.3682861328125,0.0,0,0.0,7.007095,0.62189585,1947820800.0,8.420999,3.068,9.912,375.0,228.34,,,
2019-03-14,775.1912841796875,-0.408161793038797,100,77519.12841796875,7.007095,0.62189585,1947820800.0,8.420999,3.068,9.912,375.0,228.34,,,
2019-03-15,775.1912841796875,0.0,0,0.0,7.007095,0.62189585,1947820800.0,8.420999,3.068,9.912,375.0,228.34,,,
2019-03-18,782.339599609375,0.9221356812921132,1800,1408211.279296875,7.007095,0.62189585,1947820800.0,8.420999,3.068,9.912,375.0,228.34,,,
2019-03-19,775.9855346679688,-0.8121875646559196,1600,1241576.85546875,7.007095,0.62189585,1947820800.0,8.420999,3.068,9.912,375.0,228.34,,,
2019-03-20,790.281982421875,1.8423600847177424,1900,1501535.7666015625,7.007095,0.62189585,1947820800.0,8.420999,3.068,9.912,375.0,228.34,,,
2019-03-22,818.8751831054688,3.618101047422062,4600,3766825.842285156,7.007095,0.62189585,1947820800.0,8.420999,3.068,9.912,375.0,228.34,,,
2019-03-25,845.0855712890625,3.200779401348397,11000,9295941.284179688,7.007095,0.62189585,1947820800.0,8.420999,3.068,9.912,375.0,228.34,,,
2019-03-26,846.6741333007812,0.1879764683824447,1900,1608680.8532714844,7.007095,0.62189585,1947820800.0,8.420999,3.068,9.912,375.0,228.34,,,
2019-03-27,855.4109497070312,1.0318983493908362,4500,3849349.2736816406,7.007095,0.62189585,1947820800.0,8.420999,3.068,9.912,375.0,228.34,,,
2019-03-28,926.099365234375,8.263679059936479,19600,18151547.55859375,7.007095,0.62189585,1947820800.0,8.420999,3.068,9.912,375.0,228.34,,,
2019-03-29,926.099365234375,0.0,5400,5000936.572265625,7.007095,0.62189585,1947820800.0,8.420999,3.068,9.912,375.0,228.34,,,
2019-04-01,939.6016235351562,1.457970797481778,2400,2255043.896484375,7.007095,0.62189585,1947820800.0,8.420999,3.068,9.912,375.0,228.34,,,
2019-04-02,930.070556640625,-1.0143731828252456,6200,5766437.451171875,7.007095,0.62189585,1947820800.0,8.420999,3.068,9.912,375.0,228.34,,,
2019-04-03,928.482177734375,-0.1707804741166274,10200,9470518.212890623,7.007095,0.62189585,1947820800.0,8.420999,3.068,9.912,375.0,228.34,,,
2019-04-04,925.30517578125,-0.3421715601345521,4800,4441464.84375,7.007095,0.62189585,1947820800.0,8.420999,3.068,9.912,375.0,228.34,,,
2019-04-05,823.6407470703125,-10.987124180419784,33700,27756693.17626953,7.007095,0.62189585,1947820800.0,8.420999,3.068,9.912,375.0,228.34,,,
2019-04-08,818.8751831054688,-0.5785974020584672,4500,3684938.3239746094,7.007095,0.62189585,1947820800.0,8.420999,3.068,9.912,375.0,228.34,,,
2019-04-09,810.9326171875,-0.9699360881651908,3900,3162637.20703125,7.007095,0.62189585,1947820800.0,8.420999,3.068,9.912,375.0,228.34,,,
2019-04-10,803.7843627929688,-0.8814856182900899,2100,1687947.1618652344,7.007095,0.62189585,1947820800.0,8.420999,3.068,9.912,375.0,228.34,,,
2019-04-11,807.755615234375,0.4940693829383669,700,565428.9306640625,7.007095,0.62189585,1947820800.0,8.420999,3.068,9.912,375.0,228.34,,,
2019-04-12,798.224609375,-1.1799368125233634,2300,1835916.6015625,7.007095,0.62189585,1947820800.0,8.420999,3.068,9.912,375.0,228.34,,,
2019-04-15,801.401611328125,0.3980085198842076,2100,1682943.3837890625,7.007095,0.62189585,1947820800.0,8.420999,3.068,9.912,375.0,228.34,,,
2019-04-16,810.9326171875,1.189292075864401,4000,3243730.46875,7.007095,0.62189585,1947820800.0,8.420999,3.068,9.912,375.0,228.34,,,
2019-04-17,846.6741333007812,4.407458197604752,1700,1439346.026611328,7.007095,0.62189585,1947820800.0,8.420999,3.068,9.912,375.0,228.34,,,
2019-04-18,823.6407470703125,-2.720454697331132,3100,2553286.3159179688,7.007095,0.62189585,1947820800.0,8.420999,3.068,9.912,375.0,228.34,,,
2019-04-19,842.7028198242188,2.3143673770038564,2400,2022486.767578125,7.007095,0.62189585,1947820800.0,8.420999,3.068,9.912,375.0,228.34,,,
2019-04-22,829.2005615234375,-1.6022562145452055,500,414600.2807617188,7.007095,0.62189585,1947820800.0,8.420999,3.068,9.912,375.0,228.34,,,
2019-04-23,833.9660034179688,0.5747031678049019,2400,2001518.408203125,7.007095,0.62189585,1947820800.0,8.420999,3.068,9.912,375.0,228.34,,,
2019-04-24,844.2913818359375,1.2381054354315024,4500,3799311.218261719,7.007095,0.62189585,1947820800.0,8.420999,3.068,9.912,375.0,228.34,,,
2019-04-25,837.14306640625,-0.8466645027387698,5000,4185715.33203125,7.007095,0.62189585,1947820800.0,8.420999,3.068,9.912,375.0,228.34,,,
2019-04-26,837.14306640625,0.0,0,0.0,7.007095,0.62189585,1947820800.0,8.420999,3.068,9.912,375.0,228.34,,,
2019-05-07,867.3246459960938,3.605307240900824,2500,2168311.6149902344,7.007095,0.62189585,1947820800.0,8.420999,3.068,9.912,375.0,228.34,,,
2019-05-08,856.2051391601562,-1.282046680821236,1300,1113066.6809082031,7.007095,0.62189585,1947820800.0,8.420999,3.068,9.912,375.0,228.34,,,
2019-05-09,833.9660034179688,-2.5974074114997303,700,583776.2023925781,7.007095,0.62189585,1947820800.0,8.420999,3.068,9.912,375.0,228.34,,,
2019-05-10,819.6694946289062,-1.7142795666093005,3400,2786876.281738281,7.007095,0.62189585,1947820800.0,8.420999,3.068,9.912,375.0,228.34,,,
2019-05-13,799.8131103515625,-2.422486673892077,2200,1759588.8427734375,7.007095,0.62189585,1947820800.0,8.420999,3.068,9.912,375.0,228.34,,,
2019-05-14,798.224609375,-0.198609019532614,4000,3192898.4375,7.007095,0.62189585,1947820800.0,8.420999,3.068,9.912,375.0,228.34,,,
2019-05-15,775.9855346679688,-2.78606728555314,1200,931182.6416015624,7.007095,0.62189585,1947820800.0,8.420999,3.068,9.912,375.0,228.34,,,
2019-05-16,792.6648559570312,2.149437140757948,1600,1268263.76953125,7.007095,0.62189585,1947820800.0,8.420999,3.068,9.912,375.0,228.34,,,
2019-05-17,809.3441772460938,2.104208501703364,1600,1294950.68359375,7.007095,0.62189585,1947820800.0,8.420999,3.068,9.912,375.0,228.34,,,
2019-05-20,762.4832153320312,-5.789991851614163,4600,3507422.790527344,7.007095,0.62189585,1947820800.0,8.420999,3.068,9.912,375.0,228.34,,,
2019-05-21,749.7750854492188,-1.6666766726502469,3500,2624212.7990722656,7.007095,0.62189585,1947820800.0,8.420999,3.068,9.912,375.0,228.34,,,
2019-05-22,766.4545288085938,2.224592905668743,700,536518.1701660156,7.007095,0.62189585,1947820800.0,8.420999,3.068,9.912,375.0,228.34,,,
2019-05-23,762.4832153320312,-0.5181407803455329,3200,2439946.2890625,7.007095,0.62189585,1947820800.0,8.420999,3.068,9.912,375.0,228.34,,,
2019-05-24,759.3062133789062,-0.4166651657691256,6900,5239212.872314453,7.007095,0.62189585,1947820800.0,8.420999,3.068,9.912,375.0,228.34,,,
2019-05-27,767.2487182617188,1.0460213208935087,100,76724.87182617188,7.007095,0.62189585,1947820800.0,8.420999,3.068,9.912,375.0,228.34,,,
2019-05-28,764.07177734375,-0.414069237569592,800,611257.421875,7.007095,0.62189585,1947820800.0,8.420999,3.068,9.912,375.0,228.34,,,
2019-05-29,755.3348388671875,-1.1434709062198234,1500,1133002.2583007812,7.007095,0.62189585,1947820800.0,8.420999,3.068,9.912,375.0,228.34,,,
2019-05-30,768.0430908203125,1.6824660136402825,900,691238.7817382812,7.007095,0.62189585,1947820800.0,8.420999,3.068,9.912,375.0,228.34,,,
2019-05-31,772.8085327148438,0.6204654337091275,500,386404.2663574219,7.007095,0.62189585,1947820800.0,8.420999,3.068,9.912,375.0,228.34,,,
2019-06-03,744.21533203125,-3.6999074768425566,1300,967479.931640625,7.007095,0.62189585,1947820800.0,8.420999,3.068,9.912,375.0,228.34,,,
2019-06-04,773.6028442382812,3.948791558327813,1800,1392485.1196289062,7.007095,0.62189585,1947820800.0,8.420999,3.068,9.912,375.0,228.34,,,
2019-06-05,756.9234619140625,-2.156065279289643,1900,1438154.5776367188,7.007095,0.62189585,1947820800.0,8.420999,3.068,9.912,375.0,228.34,,,
2019-06-06,756.9234619140625,0.0,1800,1362462.2314453125,7.007095,0.62189585,1947820800.0,8.420999,3.068,9.912,375.0,228.34,,,
2019-06-07,756.9234619140625,0.0,600,454154.0771484375,7.007095,0.62189585,1947820800.0,8.420999,3.068,9.912,375.0,228.34,,,
2019-06-10,772.0142211914062,1.9936968579601368,500,386007.1105957031,7.007095,0.62189585,1947820800.0,8.420999,3.068,9.912,375.0,228.34,,,
2019-06-11,754.5406494140625,-2.263374339189994,2100,1584535.3637695312,7.007095,0.62189585,1947820800.0,8.420999,3.068,9.912,375.0,228.34,,,
2019-06-12,766.4545288085938,1.5789579267575515,1600,1226327.24609375,7.007095,0.62189585,1947820800.0,8.420999,3.068,9.912,375.0,228.34,,,
2019-06-13,768.0430908203125,0.2072610901246996,700,537630.1635742188,7.007095,0.62189585,1947820800.0,8.420999,3.068,9.912,375.0,228.34,,,
2019-06-14,756.9234619140625,-1.447787114961696,1200,908308.154296875,7.007095,0.62189585,1947820800.0,8.420999,3.068,9.912,375.0,228.34,,,
2019-06-17,760.1004028320312,0.4197175907237893,1700,1292170.6848144531,7.007095,0.62189585,1947820800.0,8.420999,3.068,9.912,375.0,228.34,,,
2019-06-18,768.8372802734375,1.149437286028765,200,153767.4560546875,7.007095,0.62189585,1947820800.0,8.420999,3.068,9.912,375.0,228.34,,,
2019-06-19,773.6028442382812,0.6198403858809876,700,541521.9909667969,7.007095,0.62189585,1947820800.0,8.420999,3.068,9.912,375.0,228.34,,,
2019-06-20,775.9855346679688,0.3079991816774541,1700,1319175.4089355469,7.007095,0.62189585,1947820800.0,8.420999,3.068,9.912,375.0,228.34,,,
2019-06-21,772.8085327148438,-0.4094151000487933,3900,3013953.2775878906,7.007095,0.62189585,1947820800.0,8.420999,3.068,9.912,375.0,228.34,,,
2019-06-24,785.5165405273438,1.644392792592142,300,235654.96215820312,7.007095,0.62189585,1947820800.0,8.420999,3.068,9.912,375.0,228.34,,,
2019-06-25,776.77978515625,-1.112230605001452,1000,776779.78515625,7.007095,0.62189585,1947820800.0,8.420999,3.068,9.912,375.0,228.34,,,
2019-06-26,797.4302978515625,2.658477098648837,4700,3747922.399902344,7.007095,0.62189585,1947820800.0,8.420999,3.068,9.912,375.0,228.34,,,
2019-06-27,781.5453491210938,-1.9920172049226137,6300,4923735.699462891,7.007095,0.62189585,1947820800.0,8.420999,3.068,9.912,375.0,228.34,,,
2019-06-28,802.1958618164062,2.642266724321951,5300,4251638.067626953,7.007095,0.62189585,1947820800.0,8.420999,3.068,9.912,375.0,228.34,,,
2019-07-01,863.3533325195312,7.623757939195364,23900,20634144.6472168,7.007095,0.62189585,1947820800.0,8.420999,3.068,9.912,375.0,228.34,,,
2019-07-02,867.3246459960938,0.4599870443509957,7500,6504934.844970703,7.007095,0.62189585,1947820800.0,8.420999,3.068,9.912,375.0,228.34,,,
2019-07-03,870.5016479492188,0.3662990516632103,6900,6006461.370849609,7.007095,0.62189585,1947820800.0,8.420999,3.068,9.912,375.0,228.34,,,
2019-07-04,822.05224609375,-5.565687551495024,20800,17098686.71875,7.007095,0.62189585,1947820800.0,8.420999,3.068,9.912,375.0,228.34,,,
2019-07-05,822.8464965820312,0.0966180059789767,5800,4772509.680175781,7.007095,0.62189585,1947820800.0,8.420999,3.068,9.912,375.0,228.34,,,
2019-07-08,829.2005615234375,0.7722053831182407,3900,3233882.1899414062,7.007095,0.62189585,1947820800.0,8.420999,3.068,9.912,375.0,228.34,,,
2019-07-09,831.583251953125,0.2873479035409687,1700,1413691.5283203125,7.007095,0.62189585,1947820800.0,8.420999,3.068,9.912,375.0,228.34,,,
2019-07-10,841.1143188476562,1.1461350228189282,2100,1766340.069580078,7.007095,0.62189585,1947820800.0,8.420999,3.068,9.912,375.0,228.34,,,
2019-07-11,839.5257568359375,-0.1888639838987793,1500,1259288.6352539062,7.007095,0.62189585,1947820800.0,8.420999,3.068,9.912,375.0,228.34,,,
2019-07-12,840.3200073242188,0.0946070423466949,1000,840320.0073242188,7.007095,0.62189585,1947820800.0,8.420999,3.068,9.912,375.0,228.34,,,
2019-07-16,836.3487548828125,-0.4725881101000695,400,334539.501953125,7.007095,0.62189585,1947820800.0,8.420999,3.068,9.912,375.0,228.34,,,
2019-07-17,851.4395751953125,1.8043693165555648,700,596007.7026367188,7.007095,0.62189585,1947820800.0,8.420999,3.068,9.912,375.0,228.34,,,
2019-07-18,837.14306640625,-1.6790984593102798,1700,1423143.212890625,7.007095,0.62189585,1947820800.0,8.420999,3.068,9.912,375.0,228.34,,,
2019-07-19,850.6453857421875,1.6129046369459,700,595451.7700195312,7.007095,0.62189585,1947820800.0,8.420999,3.068,9.912,375.0,228.34,,,
2019-07-22,840.3200073242188,-1.2138287694301475,100,84032.00073242188,7.007095,0.62189585,1947820800.0,8.420999,3.068,9.912,375.0,228.34,,,
2019-07-23,849.8511352539062,1.1342259908861283,400,339940.4541015625,7.007095,0.62189585,1947820800.0,8.420999,3.068,9.912,375.0,228.34,,,
2019-07-24,825.2291870117188,-2.8972071955674084,2200,1815504.2114257808,7.007095,0.62189585,1947820800.0,8.420999,3.068,9.912,375.0,228.34,,,
2019-07-25,824.4349975585938,-0.096238652925118,1700,1401539.4958496094,7.007095,0.62189585,1947820800.0,8.420999,3.068,9.912,375.0,228.34,,,
2019-07-26,824.4349975585938,0.0,1400,1154208.9965820312,7.007095,0.62189585,1947820800.0,8.420999,3.068,9.912,375.0,228.34,,,
2019-07-29,841.1143188476562,2.023121451473453,200,168222.86376953125,7.007095,0.62189585,1947820800.0,8.420999,3.068,9.912,375.0,228.34,,,
2019-07-30,829.2005615234375,-1.4164254557621605,400,331680.224609375,7.007095,0.62189585,1947820800.0,8.420999,3.068,9.912,375.0,228.34,,,
2019-07-31,833.1718139648438,0.4789254404399035,1500,1249757.7209472656,7.007095,0.62189585,1947820800.0,8.420999,3.068,9.912,375.0,228.34,,,
2019-08-01,834.76025390625,0.1906497453205036,100,83476.025390625,7.007095,0.62189585,1947820800.0,8.420999,3.068,9.912,375.0,228.34,,,
2019-08-02,837.937255859375,0.3805885508154194,100,83793.7255859375,7.007095,0.62189585,1947820800.0,8.420999,3.068,9.912,375.0,228.34,,,
2019-08-05,786.310791015625,-6.161137302673425,2500,1965776.9775390625,7.007095,0.62189585,1947820800.0,8.420999,3.068,9.912,375.0,228.34,,,
2019-08-06,762.4832153320312,-3.030299972459649,2700,2058704.6813964844,7.007095,0.62189585,1947820800.0,8.420999,3.068,9.912,375.0,228.34,,,
2019-08-07,772.8085327148438,1.3541697935365304,5500,4250446.929931641,7.007095,0.62189585,1947820800.0,8.420999,3.068,9.912,375.0,228.34,,,
2019-08-08,772.0142211914062,-0.1027824473737504,700,540409.9548339844,7.007095,0.62189585,1947820800.0,8.420999,3.068,9.912,375.0,228.34,,,
2019-08-09,774.3970336914062,0.3086487832209439,1900,1471354.364013672,7.007095,0.62189585,1947820800.0,8.420999,3.068,9.912,375.0,228.34,,,
2019-08-13,790.281982421875,2.0512667326149536,400,316112.79296875,7.007095,0.62189585,1947820800.0,8.420999,3.068,9.912,375.0,228.34,,,
2019-08-14,768.8372802734375,-2.713550685126176,1700,1307023.3764648438,7.007095,0.62189585,1947820800.0,8.420999,3.068,9.912,375.0,228.34,,,
2019-08-15,770.4257202148438,0.2066028771187111,2800,2157192.0166015625,7.007095,0.62189585,1947820800.0,8.420999,3.068,9.912,375.0,228.34,,,
2019-08-16,780.7509765625,1.340201407707009,200,156150.1953125,7.007095,0.62189585,1947820800.0,8.420999,3.068,9.912,375.0,228.34,,,
2019-08-19,779.956787109375,-0.1017212244321053,300,233987.0361328125,7.007095,0.62189585,1947820800.0,8.420999,3.068,9.912,375.0,228.34,,,
2019-08-20,768.0430908203125,-1.527481584360113,300,230412.9272460937,7.007095,0.62189585,1947820800.0,8.420999,3.068,9.912,375.0,228.34,,,
2019-08-21,760.1004028320312,-1.0341461414356323,200,152020.08056640625,7.007095,0.62189585,1947820800.0,8.420999,3.068,9.912,375.0,228.34,,,
2019-08-22,766.4545288085938,0.8359587697740922,300,229936.35864257807,7.007095,0.62189585,1947820800.0,8.420999,3.068,9.912,375.0,228.34,,,
2019-08-23,772.0142211914062,0.7253779805378224,1300,1003618.487548828,7.007095,0.62189585,1947820800.0,8.420999,3.068,9.912,375.0,228.34,,,
2019-08-26,776.77978515625,0.6172896604792255,100,77677.978515625,7.007095,0.62189585,1947820800.0,8.420999,3.068,9.912,375.0,228.34,,,
2019-08-27,775.1912841796875,-0.2044982383575977,100,77519.12841796875,7.007095,0.62189585,1947820800.0,8.420999,3.068,9.912,375.0,228.34,,,
2019-08-28,773.6028442382812,-0.204909417046295,400,309441.1376953125,7.007095,0.62189585,1947820800.0,8.420999,3.068,9.912,375.0,228.34,,,
2019-08-29,751.3635864257812,-2.8747642253561745,300,225409.0759277344,7.007095,0.62189585,1947820800.0,8.420999,3.068,9.912,375.0,228.34,,,
2019-08-30,764.07177734375,1.6913503858260404,300,229221.533203125,7.007095,0.62189585,1947820800.0,8.420999,3.068,9.912,375.0,228.34,,,
2019-09-02,773.6028442382812,1.247404651911821,100,77360.28442382812,7.007095,0.62189585,1947820800.0,8.420999,3.068,9.912,375.0,228.34,,,
2019-09-03,774.3970336914062,0.1026611340741556,900,696957.3303222656,7.007095,0.62189585,1947820800.0,8.420999,3.068,9.912,375.0,228.34,,,
2019-09-04,760.1004028320312,-1.8461629160981707,600,456060.2416992188,7.007095,0.62189585,1947820800.0,8.420999,3.068,9.912,375.0,228.34,,,
2019-09-05,773.6028442382812,1.7764023484189373,1200,928323.4130859376,7.007095,0.62189585,1947820800.0,8.420999,3.068,9.912,375.0,228.34,,,
2019-09-06,775.9855346679688,0.3079991816774541,600,465591.3208007813,7.007095,0.62189585,1947820800.0,8.420999,3.068,9.912,375.0,228.34,,,
2019-09-09,769.6314697265625,-0.818838065599381,4200,3232452.1728515625,7.007095,0.62189585,1947820800.0,8.420999,3.068,9.912,375.0,228.34,,,
2019-09-10,769.6314697265625,0.0,0,0.0,7.007095,0.62189585,1947820800.0,8.420999,3.068,9.912,375.0,228.34,,,
2019-09-11,778.3682861328125,1.135194797758721,1500,1167552.4291992188,7.007095,0.62189585,1947820800.0,8.420999,3.068,9.912,375.0,228.34,,,
2019-09-12,779.1625366210938,0.1020404482596992,800,623330.029296875,7.007095,0.62189585,1947820800.0,8.420999,3.068,9.912,375.0,228.34,,,
2019-09-13,775.1912841796875,-0.5096821593383982,600,465114.7705078125,7.007095,0.62189585,1947820800.0,8.420999,3.068,9.912,375.0,228.34,,,
2019-09-17,779.1625366210938,0.5122932265174684,700,545413.7756347656,7.007095,0.62189585,1947820800.0,8.420999,3.068,9.912,375.0,228.34,,,
2019-09-18,794.2533569335938,1.9368000389164752,1300,1032529.364013672,7.007095,0.62189585,1947820800.0,8.420999,3.068,9.912,375.0,228.34,,,
2019-09-19,801.401611328125,0.8999967494161876,2600,2083644.189453125,7.007095,0.62189585,1947820800.0,8.420999,3.068,9.912,375.0,228.34,,,
2019-09-20,813.3154296875,1.486622710881602,700,569320.80078125,7.007095,0.62189585,1947820800.0,8.420999,3.068,9.912,375.0,228.34,,,
2019-09-24,813.3154296875,0.0,2600,2114620.1171875,7.007095,0.62189585,1947820800.0,8.420999,3.068,9.912,375.0,228.34,,,
2019-09-25,810.1384887695312,-0.3906160884208809,1400,1134193.8842773438,7.007095,0.62189585,1947820800.0,8.420999,3.068,9.912,375.0,228.34,,,
2019-09-26,779.956787109375,-3.725499044737069,2700,2105883.3251953125,7.007095,0.62189585,1947820800.0,8.420999,3.068,9.912,375.0,228.34,,,
2019-09-27,797.4302978515625,2.240317801060065,1800,1435374.5361328125,7.007095,0.62189585,1947820800.0,8.420999,3.068,9.912,375.0,228.34,,,
2019-09-30,794.2533569335938,-0.3983973178004474,2400,1906208.056640625,7.007095,0.62189585,1947820800.0,8.420999,3.068,9.912,375.0,228.34,,,
2019-10-01,779.956787109375,-1.8000011834276797,2800,2183879.00390625,7.007095,0.62189585,1947820800.0,8.420999,3.068,9.912,375.0,228.34,,,
2019-10-02,789.4878540039062,1.2219993533045148,1200,947385.4248046876,7.007095,0.62189585,1947820800.0,8.420999,3.068,9.912,375.0,228.34,,,
2019-10-03,775.1912841796875,-1.8108663422386264,1500,1162786.9262695312,7.007095,0.62189585,1947820800.0,8.420999,3.068,9.912,375.0,228.34,,,
2019-10-04,778.3682861328125,0.4098345812139747,1200,934041.943359375,7.007095,0.62189585,1947820800.0,8.420999,3.068,9.912,375.0,228.34,,,
2019-10-07,775.9855346679688,-0.3061213447790978,2500,1939963.8366699216,7.007095,0.62189585,1947820800.0,8.420999,3.068,9.912,375.0,228.34,,,
2019-10-08,784.7222290039062,1.125883659632354,3300,2589583.3557128906,7.007095,0.62189585,1947820800.0,8.420999,3.068,9.912,375.0,228.34,,,
2019-10-09,786.310791015625,0.2024362192128981,500,393155.3955078125,7.007095,0.62189585,1947820800.0,8.420999,3.068,9.912,375.0,228.34,,,
2019-10-10,782.339599609375,-0.5050409394891653,300,234701.8798828125,7.007095,0.62189585,1947820800.0,8.420999,3.068,9.912,375.0,228.34,,,
2019-10-11,788.6935424804688,0.8121719614175626,500,394346.7712402344,7.007095,0.62189585,1947820800.0,8.420999,3.068,9.912,375.0,228.34,,,
2019-10-15,806.9613647460938,2.3162129878954163,2600,2098099.548339844,7.007095,0.62189585,1947820800.0,8.420999,3.068,9.912,375.0,228.34,,,
2019-10-16,804.5786743164062,-0.2952669773028327,700,563205.0720214844,7.007095,0.62189585,1947820800.0,8.420999,3.068,9.912,375.0,228.34,,,
2019-10-17,798.224609375,-0.7897381753008581,2800,2235028.90625,7.007095,0.62189585,1947820800.0,8.420999,3.068,9.912,375.0,228.34,,,
2019-10-18,802.1958618164062,0.4975106498552595,800,641756.689453125,7.007095,0.62189585,1947820800.0,8.420999,3.068,9.912,375.0,228.34,,,
2019-10-21,806.9613647460938,0.5940572815841927,300,242088.40942382807,7.007095,0.62189585,1947820800.0,8.420999,3.068,9.912,375.0,228.34,,,
2019-10-23,794.2533569335938,-1.574797551367102,4300,3415289.434814453,7.007095,0.62189585,1947820800.0,8.420999,3.068,9.912,375.0,228.34,,,
2019-10-24,794.2533569335938,0.0,1200,953104.0283203124,7.007095,0.62189585,1947820800.0,8.420999,3.068,9.912,375.0,228.34,,,
2019-10-25,806.9613647460938,1.599994221184331,2500,2017403.4118652344,7.007095,0.62189585,1947820800.0,8.420999,3.068,9.912,375.0,228.34,,,
2019-10-28,806.9613647460938,0.0,2900,2340187.957763672,7.007095,0.62189585,1947820800.0,8.420999,3.068,9.912,375.0,228.34,,,
2019-10-29,813.3154296875,0.7874063392620423,7400,6018534.1796875,7.007095,0.62189585,1947820800.0,8.420999,3.068,9.912,375.0,228.34,,,
2019-10-30,823.6407470703125,1.2695341814404904,2800,2306194.091796875,7.007095,0.62189585,1947820800.0,8.420999,3.068,9.912,375.0,228.34,,,
2019-10-31,852.2337646484375,3.4715399498908006,5600,4772509.08203125,7.007095,0.62189585,1947820800.0,8.420999,3.068,9.912,375.0,228.34,,,
2019-11-01,849.0567626953125,-0.3727852714724977,1100,933962.4389648438,7.007095,0.62189585,1947820800.0,8.420999,3.068,9.912,375.0,228.34,,,
2019-11-05,873.6786499023438,2.899910617149981,4300,3756818.194580078,7.007095,0.62189585,1947820800.0,8.420999,3.068,9.912,375.0,228.34,,,
2019-11-06,882.41552734375,1.0000104091341555,4800,4235594.53125,7.007095,0.62189585,1947820800.0,8.420999,3.068,9.912,375.0,228.34,,,
2019-11-07,883.209716796875,0.0900017541073605,3500,3091234.0087890625,7.007095,0.62189585,1947820800.0,8.420999,3.068,9.912,375.0,228.34,,,
2019-11-08,878.4442138671875,-0.539566406376335,4500,3952998.962402344,7.007095,0.62189585,1947820800.0,8.420999,3.068,9.912,375.0,228.34,,,
2019-11-11,877.64990234375,-0.0904225346241016,2800,2457419.7265625,7.007095,0.62189585,1947820800.0,8.420999,3.068,9.912,375.0,228.34,,,
2019-11-12,882.41552734375,0.5429984082802708,300,264724.658203125,7.007095,0.62189585,1947820800.0,8.420999,3.068,9.912,375.0,228.34,,,
2019-11-13,882.41552734375,0.0,2900,2559005.029296875,7.007095,0.62189585,1947820800.0,8.420999,3.068,9.912,375.0,228.34,,,
2019-11-14,882.41552734375,0.0,2900,2559005.029296875,7.007095,0.62189585,1947820800.0,8.420999,3.068,9.912,375.0,228.34,,,
2019-11-15,876.855712890625,-0.6300676133681793,2200,1929082.568359375,7.007095,0.62189585,1947820800.0,8.420999,3.068,9.912,375.0,228.34,,,
2019-11-18,878.4442138671875,0.1811587645732304,1500,1317666.3208007812,7.007095,0.62189585,1947820800.0,8.420999,3.068,9.912,375.0,228.34,,,
2019-11-19,876.855712890625,-0.1808311730541634,2000,1753711.42578125,7.007095,0.62189585,1947820800.0,8.420999,3.068,9.912,375.0,228.34,,,
2019-11-20,869.7073974609375,-0.815221401263666,3500,3043975.891113281,7.007095,0.62189585,1947820800.0,8.420999,3.068,9.912,375.0,228.34,,,
2019-11-21,862.5590209960938,-0.8219289022621923,1900,1638862.139892578,7.007095,0.62189585,1947820800.0,8.420999,3.068,9.912,375.0,228.34,,,
2019-11-22,865.7361450195312,0.3683370002633079,3200,2770355.6640625,7.007095,0.62189585,1947820800.0,8.420999,3.068,9.912,375.0,228.34,,,
2019-11-25,879.2384643554688,1.5596344698803,2100,1846400.7751464844,7.007095,0.62189585,1947820800.0,8.420999,3.068,9.912,375.0,228.34,,,
2019-11-26,879.2384643554688,0.0,2100,1846400.7751464844,7.007095,0.62189585,1947820800.0,8.420999,3.068,9.912,375.0,228.34,,,
2019-11-27,884.7982788085938,0.6323443159644615,2900,2565915.008544922,7.007095,0.62189585,1947820800.0,8.420999,3.068,9.912,375.0,228.34,,,
2019-11-28,857.8624877929688,-3.044286100092197,8600,7377617.395019531,7.007095,0.62189585,1947820800.0,8.420999,3.068,9.912,375.0,228.34,,,
2019-11-29,860.3112182617188,0.2854455700761482,3600,3097120.3857421875,7.007095,0.62189585,1947820800.0,8.420999,3.068,9.912,375.0,228.34,,,
2019-12-02,846.4352416992188,-1.612901967097069,4400,3724315.0634765625,7.007095,0.62189585,1947820800.0,8.420999,3.068,9.912,375.0,228.34,,,
2019-12-03,872.5546264648438,3.085810169386427,1100,959810.089111328,7.007095,0.62189585,1947820800.0,8.420999,3.068,9.912,375.0,228.34,,,
2019-12-04,863.5761108398438,-1.0289918078110971,100,86357.61108398438,7.007095,0.62189585,1947820800.0,8.420999,3.068,9.912,375.0,228.34,,,
2019-12-05,863.5761108398438,0.0,100,86357.61108398438,7.007095,0.62189585,1947820800.0,8.420999,3.068,9.912,375.0,228.34,,,
2019-12-06,854.5975341796875,-1.0396972018395068,1200,1025517.041015625,7.007095,0.62189585,1947820800.0,8.420999,3.068,9.912,375.0,228.34,,,
2019-12-09,857.0462646484375,0.286536102763324,2900,2485434.1674804688,7.007095,0.62189585,1947820800.0,8.420999,3.068,9.912,375.0,228.34,,,
2019-12-10,834.191650390625,-2.666672174014728,3900,3253347.436523437,7.007095,0.62189585,1947820800.0,8.420999,3.068,9.912,375.0,228.34,,,
2019-12-11,843.170166015625,1.0763132933296229,200,168634.033203125,7.007095,0.62189585,1947820800.0,8.420999,3.068,9.912,375.0,228.34,,,
2019-12-12,843.170166015625,0.0,200,168634.033203125,7.007095,0.62189585,1947820800.0,8.420999,3.068,9.912,375.0,228.34,,,
2019-12-13,844.802734375,0.1936226428752352,2500,2112006.8359375,7.007095,0.62189585,1947820800.0,8.420999,3.068,9.912,375.0,228.34,,,
2019-12-16,834.191650390625,-1.2560428077005747,3200,2669413.28125,7.007095,0.62189585,1947820800.0,8.420999,3.068,9.912,375.0,228.34,,,
2019-12-17,830.9268188476562,-0.3913766748252612,2600,2160409.7290039062,7.007095,0.62189585,1947820800.0,8.420999,3.068,9.912,375.0,228.34,,,
2019-12-18,825.2130737304688,-0.6876351788851154,4500,3713458.831787109,7.007095,0.62189585,1947820800.0,8.420999,3.068,9.912,375.0,228.34,,,
2019-12-19,816.2345581054688,-1.0880239190118046,2700,2203833.3068847656,7.007095,0.62189585,1947820800.0,8.420999,3.068,9.912,375.0,228.34,,,
2019-12-20,823.5806274414062,0.8999948927656432,1800,1482445.1293945312,7.007095,0.62189585,1947820800.0,8.420999,3.068,9.912,375.0,228.34,,,
2019-12-23,822.764404296875,-0.0991066469189561,5300,4360651.3427734375,7.007095,0.62189585,1947820800.0,8.420999,3.068,9.912,375.0,228.34,,,
2019-12-24,812.1532592773438,-1.289694226453486,6400,5197780.859375,7.007095,0.62189585,1947820800.0,8.420999,3.068,9.912,375.0,228.34,,,
2019-12-25,916.6314086914062,12.864339115874191,87600,80296911.40136719,7.007095,0.62189585,1947820800.0,8.420999,3.068,9.912,375.0,228.34,,,
2019-12-26,882.3494873046875,-3.739989821607792,13100,11558778.283691406,7.007095,0.62189585,1947820800.0,8.420999,3.068,9.912,375.0,228.34,,,
2019-12-27,875.00341796875,-0.8325577836937992,7700,6737526.318359375,7.007095,0.62189585,1947820800.0,8.420999,3.068,9.912,375.0,228.34,,,
2019-12-30,965.6053466796876,10.35446569126126,110000,106216588.13476562,7.007095,0.62189585,1947820800.0,8.420999,3.068,9.912,375.0,228.34,,,
2020-01-06,971.3189697265624,0.5917141062362408,19100,18552192.321777344,7.007095,0.62189585,1947820800.0,8.420999,3.068,9.912,375.0,228.34,,,
2020-01-07,987.6437377929688,1.6806804536106057,8900,8790029.266357422,7.007095,0.62189585,1947820800.0,8.420999,3.068,9.912,375.0,228.34,,,
2020-01-08,951.7294311523438,-3.636362512749858,6400,6091068.359375,7.007095,0.62189585,1947820800.0,8.420999,3.068,9.912,375.0,228.34,,,
2020-01-09,977.03271484375,2.6586635721424834,6500,6350712.646484375,7.007095,0.62189585,1947820800.0,8.420999,3.068,9.912,375.0,228.34,,,
2020-01-10,968.0541381835938,-0.918963768945258,3900,3775411.138916016,7.007095,0.62189585,1947820800.0,8.420999,3.068,9.912,375.0,228.34,,,
2020-01-14,979.4813232421876,1.1804283053874487,5700,5583043.542480469,7.007095,0.62189585,1947820800.0,8.420999,3.068,9.912,375.0,228.34,,,
2020-01-15,997.4385375976562,1.833339128512268,18200,18153381.384277344,7.007095,0.62189585,1947820800.0,8.420999,3.068,9.912,375.0,228.34,,,
2020-01-16,953.3619384765624,-4.418978960573627,18600,17732532.055664062,7.007095,0.62189585,1947820800.0,8.420999,3.068,9.912,375.0,228.34,,,
2020-01-17,951.7294311523438,-0.1712368889854598,1200,1142075.3173828125,7.007095,0.62189585,1947820800.0,8.420999,3.068,9.912,375.0,228.34,,,
2020-01-20,931.3236694335938,-2.144071734131714,3300,3073368.1091308594,7.007095,0.62189585,1947820800.0,8.420999,3.068,9.912,375.0,228.34,,,
2020-01-21,945.1995239257812,1.4899067797371046,700,661639.6667480469,7.007095,0.62189585,1947820800.0,8.420999,3.068,9.912,375.0,228.34,,,
2020-01-22,954.994384765625,1.036274415285554,4600,4392974.169921875,7.007095,0.62189585,1947820800.0,8.420999,3.068,9.912,375.0,228.34,,,
2020-01-23,978.6651611328124,2.4786299003210166,7200,7046389.16015625,7.007095,0.62189585,1947820800.0,8.420999,3.068,9.912,375.0,228.34,,,
2020-01-24,967.2378540039062,-1.1676421704517437,1300,1257409.210205078,7.007095,0.62189585,1947820800.0,8.420999,3.068,9.912,375.0,228.34,,,
2020-01-27,955.8104858398438,-1.1814434388355055,1600,1529296.77734375,7.007095,0.62189585,1947820800.0,8.420999,3.068,9.912,375.0,228.34,,,
2020-01-28,878.2683715820312,-8.1127080531742,11600,10187913.110351562,7.007095,0.62189585,1947820800.0,8.420999,3.068,9.912,375.0,228.34,,,
2020-01-29,880.717041015625,0.2788065143667806,3300,2906366.2353515625,7.007095,0.62189585,1947820800.0,8.420999,3.068,9.912,375.0,228.34,,,
2020-01-30,901.1229248046876,2.3169625247094983,68500,61726920.34912109,7.007095,0.62189585,1947820800.0,8.420999,3.068,9.912,375.0,228.34,,,
2020-01-31,866.841064453125,-3.804348930418444,15800,13696088.818359377,7.007095,0.62189585,1947820800.0,8.420999,3.068,9.912,375.0,228.34,,,
2020-02-03,863.5761108398438,-0.3766496243854167,5100,4404238.165283203,7.007095,0.62189585,1947820800.0,8.420999,3.068,9.912,375.0,228.34,,,
2020-02-04,864.3923950195312,0.0945237101213525,3800,3284691.1010742188,7.007095,0.62189585,1947820800.0,8.420999,3.068,9.912,375.0,228.34,,,
2020-02-05,919.896240234375,6.42113992842217,1000,919896.240234375,7.007095,0.62189585,1947820800.0,8.420999,3.068,9.912,375.0,228.34,,,
2020-02-06,919.896240234375,0.0,1000,919896.240234375,7.007095,0.62189585,1947820800.0,8.420999,3.068,9.912,375.0,228.34,,,
2020-02-07,887.2468872070312,-3.549243012345093,900,798522.1984863281,7.007095,0.62189585,1947820800.0,8.420999,3.068,9.912,375.0,228.34,,,
2020-02-10,909.2853393554688,2.483914282056543,1900,1727642.1447753906,7.007095,0.62189585,1947820800.0,8.420999,3.068,9.912,375.0,228.34,,,
2020-02-12,912.5501098632812,0.359047965089454,1000,912550.1098632812,7.007095,0.62189585,1947820800.0,8.420999,3.068,9.912,375.0,228.34,,,
2020-02-13,883.9819946289062,-3.1305804388818803,700,618787.3962402344,7.007095,0.62189585,1947820800.0,8.420999,3.068,9.912,375.0,228.34,,,
2020-02-14,903.5716552734376,2.216070096852474,1300,1174643.1518554688,7.007095,0.62189585,1947820800.0,8.420999,3.068,9.912,375.0,228.34,,,
2020-02-17,882.3494873046875,-2.3486978420463767,1600,1411759.1796875,7.007095,0.62189585,1947820800.0,8.420999,3.068,9.912,375.0,228.34,,,
2020-02-18,861.9437255859375,-2.3126620474482773,1200,1034332.470703125,7.007095,0.62189585,1947820800.0,8.420999,3.068,9.912,375.0,228.34,,,
2020-02-19,884.7981567382812,2.651499219024722,2800,2477434.8388671875,7.007095,0.62189585,1947820800.0,8.420999,3.068,9.912,375.0,228.34,,,
2020-02-20,867.6573486328125,-1.9372563081117344,1500,1301486.0229492188,7.007095,0.62189585,1947820800.0,8.420999,3.068,9.912,375.0,228.34,,,
2020-02-21,867.6573486328125,0.0,1500,1301486.0229492188,7.007095,0.62189585,1947820800.0,8.420999,3.068,9.912,375.0,228.34,,,
2020-02-25,826.8455810546875,-4.7036733616597655,1300,1074899.2553710938,7.007095,0.62189585,1947820800.0,8.420999,3.068,9.912,375.0,228.34,,,
2020-02-26,827.6618041992188,0.0987153058845669,1900,1572557.4279785156,7.007095,0.62189585,1947820800.0,8.420999,3.068,9.912,375.0,228.34,,,
2020-02-27,783.5851440429688,-5.325443306991207,2200,1723887.3168945312,7.007095,0.62189585,1947820800.0,8.420999,3.068,9.912,375.0,228.34,,,
2020-02-28,708.4915771484375,-9.583332132495537,8600,6093027.5634765625,7.007095,0.62189585,1947820800.0,8.420999,3.068,9.912,375.0,228.34,,,
2020-03-02,771.3416137695312,8.870964546121328,2200,1696951.5502929688,7.007095,0.62189585,1947820800.0,8.420999,3.068,9.912,375.0,228.34,,,
2020-03-03,767.2604370117188,-0.5291010733710966,800,613808.349609375,7.007095,0.62189585,1947820800.0,8.420999,3.068,9.912,375.0,228.34,,,
2020-03-04,733.7947387695312,-4.361713002240508,2500,1834486.846923828,7.007095,0.62189585,1947820800.0,8.420999,3.068,9.912,375.0,228.34,,,
2020-03-05,777.05517578125,5.895441153511172,1800,1398699.31640625,7.007095,0.62189585,1947820800.0,8.420999,3.068,9.912,375.0,228.34,,,
2020-03-06,726.44873046875,-6.512593557030277,1400,1017028.22265625,7.007095,0.62189585,1947820800.0,8.420999,3.068,9.912,375.0,228.34,,,
2020-03-09,630.9492797851562,-13.146068907295296,9500,5994018.157958984,7.007095,0.62189585,1947820800.0,8.420999,3.068,9.912,375.0,228.34,,,
2020-03-10,689.7182006835938,9.314365319261286,7900,5448773.785400391,7.007095,0.62189585,1947820800.0,8.420999,3.068,9.912,375.0,228.34,,,
2020-03-11,734.6110229492188,6.508864376948553,2900,2130371.9665527344,7.007095,0.62189585,1947820800.0,8.420999,3.068,9.912,375.0,228.34,,,
2020-03-12,661.1500244140625,-9.999985875550133,1000,661150.0244140625,7.007095,0.62189585,1947820800.0,8.420999,3.068,9.912,375.0,228.34,,,
2020-03-13,583.607666015625,-11.728405888989968,6500,3793449.8291015625,7.007095,0.62189585,1947820800.0,8.420999,3.068,9.912,375.0,228.34,,,
2020-03-16,608.0947265625,4.195808583881666,2400,1459427.34375,7.007095,0.62189585,1947820800.0,8.420999,3.068,9.912,375.0,228.34,,,
2020-03-17,563.2018432617188,-7.382547708406606,9400,5294097.326660156,7.007095,0.62189585,1947820800.0,8.420999,3.068,9.912,375.0,228.34,,,
2020-03-18,583.607666015625,3.6231811024850735,11700,6828209.6923828125,7.007095,0.62189585,1947820800.0,8.420999,3.068,9.912,375.0,228.34,,,
2020-03-19,531.36865234375,-8.951049945679845,4500,2391158.935546875,7.007095,0.62189585,1947820800.0,8.420999,3.068,9.912,375.0,228.34,,,
2020-03-23,552.5907592773438,3.9938575299818257,900,497331.6833496094,7.007095,0.62189585,1947820800.0,8.420999,3.068,9.912,375.0,228.34,,,
2020-03-24,584.4239501953125,5.760717200482857,1200,701308.740234375,7.007095,0.62189585,1947820800.0,8.420999,3.068,9.912,375.0,228.34,,,
2020-03-25,612.1759643554688,4.74861000321456,2100,1285569.5251464844,7.007095,0.62189585,1947820800.0,8.420999,3.068,9.912,375.0,228.34,,,
2020-03-26,616.257080078125,0.6666572946804727,2700,1663894.1162109375,7.007095,0.62189585,1947820800.0,8.420999,3.068,9.912,375.0,228.34,,,
2020-03-27,650.538818359375,5.562895646879063,400,260215.52734375,7.007095,0.62189585,1947820800.0,8.420999,3.068,9.912,375.0,228.34,,,
2020-03-30,643.1927490234375,-1.1292284378146555,1800,1157746.9482421875,7.007095,0.62189585,1947820800.0,8.420999,3.068,9.912,375.0,228.34,,,
2020-03-31,637.4791870117188,-0.8883125657734303,1600,1019966.69921875,7.007095,0.62189585,1947820800.0,8.420999,3.068,9.912,375.0,228.34,,,
2020-04-01,604.0135498046875,-5.249683109484183,1200,724816.259765625,7.007095,0.62189585,1947820800.0,8.420999,3.068,9.912,375.0,228.34,,,
2020-04-02,611.3596801757812,1.2162194661807124,2200,1344991.2963867188,7.007095,0.62189585,1947820800.0,8.420999,3.068,9.912,375.0,228.34,,,
2020-04-03,546.8771362304688,-10.547398861300794,5100,2789073.3947753906,7.007095,0.62189585,1947820800.0,8.420999,3.068,9.912,375.0,228.34,,,
2020-04-06,628.5005493164062,14.925365804932689,13400,8421907.360839844,7.007095,0.62189585,1947820800.0,8.420999,3.068,9.912,375.0,228.34,,,
2020-04-07,644.8252563476562,2.597405372040762,35000,22568883.97216797,7.007095,0.62189585,1947820800.0,8.420999,3.068,9.912,375.0,228.34,,,
2020-04-08,631.7655639648438,-2.025307205983784,3700,2337532.586669922,7.007095,0.62189585,1947820800.0,8.420999,3.068,9.912,375.0,228.34,,,
2020-04-09,628.5005493164062,-0.5168079481804755,6700,4210953.680419922,7.007095,0.62189585,1947820800.0,8.420999,3.068,9.912,375.0,228.34,,,
2020-04-10,621.970703125,-1.0389563220761675,2400,1492729.6875,7.007095,0.62189585,1947820800.0,8.420999,3.068,9.912,375.0,228.34,,,
2020-04-13,605.64599609375,-2.624674594676069,3500,2119760.986328125,7.007095,0.62189585,1947820800.0,8.420999,3.068,9.912,375.0,228.34,,,
2020-04-14,612.1759643554688,1.078182354681645,4700,2877227.032470703,7.007095,0.62189585,1947820800.0,8.420999,3.068,9.912,375.0,228.34,,,
2020-04-15,623.6031494140625,1.866650395303404,2600,1621368.1884765625,7.007095,0.62189585,1947820800.0,8.420999,3.068,9.912,375.0,228.34,,,
2020-04-16,658.7012329101562,5.628272328174089,10300,6784622.698974609,7.007095,0.62189585,1947820800.0,8.420999,3.068,9.912,375.0,228.34,,,
2020-04-17,694.6156005859375,5.452300053714909,31300,21741468.298339844,7.007095,0.62189585,1947820800.0,8.420999,3.068,9.912,375.0,228.34,,,
2020-04-20,679.107177734375,-2.2326626177817666,7800,5297035.986328125,7.007095,0.62189585,1947820800.0,8.420999,3.068,9.912,375.0,228.34,,,
2020-04-21,638.29541015625,-6.009621001839571,9400,5999976.85546875,7.007095,0.62189585,1947820800.0,8.420999,3.068,9.912,375.0,228.34,,,
2020-04-22,644.8252563476562,1.0230131828470768,3800,2450335.9741210938,7.007095,0.62189585,1947820800.0,8.420999,3.068,9.912,375.0,228.34,,,
2020-04-23,693.7993774414062,7.594944616645982,5600,3885276.513671875,7.007095,0.62189585,1947820800.0,8.420999,3.068,9.912,375.0,228.34,,,
2020-04-24,686.4531860351562,-1.0588351107118754,2900,1990714.239501953,7.007095,0.62189585,1947820800.0,8.420999,3.068,9.912,375.0,228.34,,,
2020-04-27,683.1882934570312,-0.475617659666272,4200,2869390.8325195312,7.007095,0.62189585,1947820800.0,8.420999,3.068,9.912,375.0,228.34,,,
2020-04-28,701.961669921875,2.7479066378388595,1200,842354.00390625,7.007095,0.62189585,1947820800.0,8.420999,3.068,9.912,375.0,228.34,,,
2020-04-30,712.5726928710938,1.5116242672338132,10600,7553270.544433594,7.007095,0.62189585,1947820800.0,8.420999,3.068,9.912,375.0,228.34,,,
2020-05-01,712.5726928710938,0.0,4400,3135319.8486328125,7.007095,0.62189585,1947820800.0,8.420999,3.068,9.912,375.0,228.34,,,
2020-05-07,704.4104614257812,-1.1454594776043492,2900,2042790.3381347656,7.007095,0.62189585,1947820800.0,8.420999,3.068,9.912,375.0,228.34,,,
2020-05-08,715.837646484375,1.6222338656731727,25400,18182276.220703125,7.007095,0.62189585,1947820800.0,8.420999,3.068,9.912,375.0,228.34,,,
2020-05-11,750.9357299804688,4.90307874536462,9600,7208983.0078125,7.007095,0.62189585,1947820800.0,8.420999,3.068,9.912,375.0,228.34,,,
2020-05-12,766.4442138671875,2.065221199039513,8100,6208198.132324219,7.007095,0.62189585,1947820800.0,8.420999,3.068,9.912,375.0,228.34,,,
2020-05-13,767.2604370117188,0.1064947885003775,2900,2225055.2673339844,7.007095,0.62189585,1947820800.0,8.420999,3.068,9.912,375.0,228.34,,,
2020-05-14,747.6708374023438,-2.553187765769782,5900,4411257.940673828,7.007095,0.62189585,1947820800.0,8.420999,3.068,9.912,375.0,228.34,,,
2020-05-15,749.30322265625,0.2183294000843494,900,674372.900390625,7.007095,0.62189585,1947820800.0,8.420999,3.068,9.912,375.0,228.34,,,
2020-05-18,741.9572143554688,-0.980378580882113,1700,1261327.2644042969,7.007095,0.62189585,1947820800.0,8.420999,3.068,9.912,375.0,228.34,,,
2020-05-19,758.2818603515625,2.200213931510153,1200,909938.232421875,7.007095,0.62189585,1947820800.0,8.420999,3.068,9.912,375.0,228.34,,,
2020-05-20,753.384521484375,-0.6458467653330024,1600,1205415.234375,7.007095,0.62189585,1947820800.0,8.420999,3.068,9.912,375.0,228.34,,,
2020-05-21,759.0980834960938,0.7583859037163965,700,531368.6584472656,7.007095,0.62189585,1947820800.0,8.420999,3.068,9.912,375.0,228.34,,,
2020-05-22,751.7520141601562,-0.9677365146417594,1400,1052452.8198242188,7.007095,0.62189585,1947820800.0,8.420999,3.068,9.912,375.0,228.34,,,
2020-05-25,759.0980834960938,0.9771931697641456,1100,835007.8918457031,7.007095,0.62189585,1947820800.0,8.420999,3.068,9.912,375.0,228.34,,,
2020-05-26,763.1792602539062,0.5376349705714212,400,305271.7041015625,7.007095,0.62189585,1947820800.0,8.420999,3.068,9.912,375.0,228.34,,,
2020-05-27,767.2604370117188,0.5347599142637494,1500,1150890.655517578,7.007095,0.62189585,1947820800.0,8.420999,3.068,9.912,375.0,228.34,,,
2020-05-28,764.8117065429688,-0.3191524481944041,3100,2370916.290283203,7.007095,0.62189585,1947820800.0,8.420999,3.068,9.912,375.0,228.34,,,
2020-05-29,763.1792602539062,-0.2134442079137821,1800,1373722.6684570312,7.007095,0.62189585,1947820800.0,8.420999,3.068,9.912,375.0,228.34,,,
2020-06-01,759.9143676757812,-0.427801533422012,100,75991.43676757812,7.007095,0.62189585,1947820800.0,8.420999,3.068,9.912,375.0,228.34,,,
2020-06-02,762.3629760742188,0.3222216216185902,3300,2515797.821044922,7.007095,0.62189585,1947820800.0,8.420999,3.068,9.912,375.0,228.34,,,
2020-06-03,775.4227905273438,1.7130703959912008,1800,1395761.0229492188,7.007095,0.62189585,1947820800.0,8.420999,3.068,9.912,375.0,228.34,,,
2020-06-04,771.3416137695312,-0.526316328030163,400,308536.6455078125,7.007095,0.62189585,1947820800.0,8.420999,3.068,9.912,375.0,228.34,,,
2020-06-05,760.7305908203125,-1.3756580430508425,100,76073.05908203125,7.007095,0.62189585,1947820800.0,8.420999,3.068,9.912,375.0,228.34,,,
2020-06-08,754.20068359375,-0.8583731619785651,600,452520.41015625,7.007095,0.62189585,1947820800.0,8.420999,3.068,9.912,375.0,228.34,,,
2020-06-09,799.0935668945312,5.952379025548971,4600,3675830.407714844,7.007095,0.62189585,1947820800.0,8.420999,3.068,9.912,375.0,228.34,,,
2020-06-10,824.3968505859375,3.1664982349615123,6300,5193700.158691406,7.007095,0.62189585,1947820800.0,8.420999,3.068,9.912,375.0,228.34,,,
2020-06-11,839.0890502929688,1.7821756228919128,3500,2936811.6760253906,7.007095,0.62189585,1947820800.0,8.420999,3.068,9.912,375.0,228.34,,,
2020-06-12,799.0935668945312,-4.766536207864114,5200,4155286.5478515625,7.007095,0.62189585,1947820800.0,8.420999,3.068,9.912,375.0,228.34,,,
2020-06-15,768.0767211914062,-3.8815036171125583,100,76807.67211914062,7.007095,0.62189585,1947820800.0,8.420999,3.068,9.912,375.0,228.34,,,
2020-06-16,814.60205078125,6.057380507207122,2900,2362345.947265625,7.007095,0.62189585,1947820800.0,8.420999,3.068,9.912,375.0,228.34,,,
2020-06-17,812.1532592773438,-0.3006119984055644,700,568507.2814941406,7.007095,0.62189585,1947820800.0,8.420999,3.068,9.912,375.0,228.34,,,
2020-06-18,789.2988891601562,-2.814046469200082,3000,2367896.6674804688,7.007095,0.62189585,1947820800.0,8.420999,3.068,9.912,375.0,228.34,,,
2020-06-19,815.418212890625,3.3091803484305737,1200,978501.85546875,7.007095,0.62189585,1947820800.0,8.420999,3.068,9.912,375.0,228.34,,,
2020-06-22,815.418212890625,0.0,700,570792.7490234375,7.007095,0.62189585,1947820800.0,8.420999,3.068,9.912,375.0,228.34,,,
2020-06-23,808.0721435546875,-0.9008959108107172,2100,1696951.5014648438,7.007095,0.62189585,1947820800.0,8.420999,3.068,9.912,375.0,228.34,,,
2020-06-24,801.5422973632812,-0.8080771306732126,1000,801542.2973632812,7.007095,0.62189585,1947820800.0,8.420999,3.068,9.912,375.0,228.34,,,
2020-06-25,783.5851440429688,-2.2403251056598683,1000,783585.1440429688,7.007095,0.62189585,1947820800.0,8.420999,3.068,9.912,375.0,228.34,,,
2020-06-26,795.0125122070312,1.4583441571010436,1400,1113017.5170898438,7.007095,0.62189585,1947820800.0,8.420999,3.068,9.912,375.0,228.34,,,
2020-06-29,795.0125122070312,0.0,2400,1908030.029296875,7.007095,0.62189585,1947820800.0,8.420999,3.068,9.912,375.0,228.34,,,
2020-06-30,803.1748046875,1.02668729801616,200,160634.9609375,7.007095,0.62189585,1947820800.0,8.420999,3.068,9.912,375.0,228.34,,,
2020-07-01,803.1748046875,0.0,0,0.0,7.007095,0.62189585,1947820800.0,8.420999,3.068,9.912,375.0,228.34,,,
2020-07-02,799.9098510742188,-0.4065059802954796,1400,1119873.7915039062,7.007095,0.62189585,1947820800.0,8.420999,3.068,9.912,375.0,228.34,,,
2020-07-03,787.6663818359375,-1.5306061329084963,8500,6695164.245605469,7.007095,0.62189585,1947820800.0,8.420999,3.068,9.912,375.0,228.34,,,
2020-07-06,825.2130737304688,4.766826763256704,65300,53886413.71459961,7.007095,0.62189585,1947820800.0,8.420999,3.068,9.912,375.0,228.34,,,
2020-07-07,815.418212890625,-1.1869493045674862,12600,10274269.482421877,7.007095,0.62189585,1947820800.0,8.420999,3.068,9.912,375.0,228.34,,,
2020-07-08,812.1532592773438,-0.400402340991024,7100,5766288.140869141,7.007095,0.62189585,1947820800.0,8.420999,3.068,9.912,375.0,228.34,,,
2020-07-09,790.1150512695312,-2.713552861614099,5100,4029586.7614746094,7.007095,0.62189585,1947820800.0,8.420999,3.068,9.912,375.0,228.34,,,
2020-07-10,757.465576171875,-4.1322431518291065,4900,3711581.323242188,7.007095,0.62189585,1947820800.0,8.420999,3.068,9.912,375.0,228.34,,,
2020-07-13,792.563720703125,4.633628990591365,3100,2456947.5341796875,7.007095,0.62189585,1947820800.0,8.420999,3.068,9.912,375.0,228.34,,,
2020-07-14,771.3416137695312,-2.6776530869677573,1700,1311280.7434082031,7.007095,0.62189585,1947820800.0,8.420999,3.068,9.912,375.0,228.34,,,
2020-07-15,763.1792602539062,-1.058202146742182,1400,1068450.9643554688,7.007095,0.62189585,1947820800.0,8.420999,3.068,9.912,375.0,228.34,,,
2020-07-16,775.4227905273438,1.604279742791248,3300,2558895.2087402344,7.007095,0.62189585,1947820800.0,8.420999,3.068,9.912,375.0,228.34,,,
2020-07-17,782.7689208984375,0.9473709646962812,100,78276.89208984375,7.007095,0.62189585,1947820800.0,8.420999,3.068,9.912,375.0,228.34,,,
2020-07-20,777.8715209960938,-0.6256507855118554,1800,1400168.7377929688,7.007095,0.62189585,1947820800.0,8.420999,3.068,9.912,375.0,228.34,,,
2020-07-21,781.1364135742188,0.4197213151529322,1000,781136.4135742188,7.007095,0.62189585,1947820800.0,8.420999,3.068,9.912,375.0,228.34,,,
2020-07-22,771.3416137695312,-1.253916682730205,700,539939.1296386719,7.007095,0.62189585,1947820800.0,8.420999,3.068,9.912,375.0,228.34,,,
2020-07-27,771.3416137695312,0.0,1300,1002744.0979003906,7.007095,0.62189585,1947820800.0,8.420999,3.068,9.912,375.0,228.34,,,
2020-07-28,794.1962280273438,2.962969176020791,1000,794196.2280273438,7.007095,0.62189585,1947820800.0,8.420999,3.068,9.912,375.0,228.34,,,
2020-07-29,763.1792602539062,-3.9054539267302624,4500,3434306.671142578,7.007095,0.62189585,1947820800.0,8.420999,3.068,9.912,375.0,228.34,,,
2020-07-30,768.8929443359375,0.7486686784609953,4400,3383128.955078125,7.007095,0.62189585,1947820800.0,8.420999,3.068,9.912,375.0,228.34,,,
2020-07-31,735.42724609375,-4.352452248224292,2900,2132739.013671875,7.007095,0.62189585,1947820800.0,8.420999,3.068,9.912,375.0,228.34,,,
2020-08-03,775.4227905273438,5.438409393455523,4500,3489402.557373047,7.007095,0.62189585,1947820800.0,8.420999,3.068,9.912,375.0,228.34,,,
2020-08-04,772.1577758789062,-0.4210625078761243,1500,1158236.6638183594,7.007095,0.62189585,1947820800.0,8.420999,3.068,9.912,375.0,228.34,,,
2020-08-05,763.1792602539062,-1.1627825174434392,1300,992133.038330078,7.007095,0.62189585,1947820800.0,8.420999,3.068,9.912,375.0,228.34,,,
2020-08-06,764.8117065429688,0.2139007667110171,400,305924.6826171875,7.007095,0.62189585,1947820800.0,8.420999,3.068,9.912,375.0,228.34,,,
2020-08-07,771.3416137695312,0.8537927924872291,100,77134.16137695312,7.007095,0.62189585,1947820800.0,8.420999,3.068,9.912,375.0,228.34,,,
2020-08-11,768.8929443359375,-0.3174558963086604,1500,1153339.4165039062,7.007095,0.62189585,1947820800.0,8.420999,3.068,9.912,375.0,228.34,,,
2020-08-12,773.7903442382812,0.6369417145027256,3000,2321371.032714844,7.007095,0.62189585,1947820800.0,8.420999,3.068,9.912,375.0,228.34,,,
2020-08-13,802.3584594726562,3.691971016063466,2000,1604716.9189453125,7.007095,0.62189585,1947820800.0,8.420999,3.068,9.912,375.0,228.34,,,
2020-08-14,799.0935668945312,-0.4069119655410458,1000,799093.5668945312,7.007095,0.62189585,1947820800.0,8.420999,3.068,9.912,375.0,228.34,,,
2020-08-17,812.1532592773438,1.6343132924427906,1700,1380660.5407714844,7.007095,0.62189585,1947820800.0,8.420999,3.068,9.912,375.0,228.34,,,
2020-08-18,799.9098510742188,-1.5075243574124486,300,239972.9553222656,7.007095,0.62189585,1947820800.0,8.420999,3.068,9.912,375.0,228.34,,,
2020-08-19,805.6234130859375,0.7142757404532407,100,80562.34130859375,7.007095,0.62189585,1947820800.0,8.420999,3.068,9.912,375.0,228.34,,,
2020-08-20,814.60205078125,1.114495625309586,700,570221.435546875,7.007095,0.62189585,1947820800.0,8.420999,3.068,9.912,375.0,228.34,,,
2020-08-21,808.0721435546875,-0.8016070202990444,1900,1535337.0727539062,7.007095,0.62189585,1947820800.0,8.420999,3.068,9.912,375.0,228.34,,,
2020-08-24,839.9052734375,3.939392062542768,4700,3947554.78515625,7.007095,0.62189585,1947820800.0,8.420999,3.068,9.912,375.0,228.34,,,
2020-08-25,838.2728271484375,-0.1943607619441789,700,586790.9790039062,7.007095,0.62189585,1947820800.0,8.420999,3.068,9.912,375.0,228.34,,,
2020-08-26,855.4137573242188,2.044791340080732,5900,5046941.168212891,7.007095,0.62189585,1947820800.0,8.420999,3.068,9.912,375.0,228.34,,,
2020-08-27,819.4993896484375,-4.198479083165951,300,245849.81689453125,7.007095,0.62189585,1947820800.0,8.420999,3.068,9.912,375.0,228.34,,,
2020-08-28,808.0721435546875,-1.3944178895181625,2300,1858565.9301757808,7.007095,0.62189585,1947820800.0,8.420999,3.068,9.912,375.0,228.34,,,
2020-08-31,812.9696044921875,0.6060672894818708,2800,2276314.892578125,7.007095,0.62189585,1947820800.0,8.420999,3.068,9.912,375.0,228.34,,,
2020-09-01,811.337158203125,-0.2008004087781567,500,405668.5791015625,7.007095,0.62189585,1947820800.0,8.420999,3.068,9.912,375.0,228.34,,,
2020-09-02,811.337158203125,0.0,0,0.0,7.007095,0.62189585,1947820800.0,8.420999,3.068,9.912,375.0,228.34,,,
2020-09-03,787.6663818359375,-2.9175018212664328,1800,1417799.4873046875,7.007095,0.62189585,1947820800.0,8.420999,3.068,9.912,375.0,228.34,,,
2020-09-04,835.0078735351562,6.010348136081745,10700,8934584.246826172,7.007095,0.62189585,1947820800.0,8.420999,3.068,9.912,375.0,228.34,,,
2020-09-07,824.3968505859375,-1.270769208953093,1200,989276.220703125,7.007095,0.62189585,1947820800.0,8.420999,3.068,9.912,375.0,228.34,,,
2020-09-08,843.9864501953125,2.376234163855884,100,84398.64501953125,7.007095,0.62189585,1947820800.0,8.420999,3.068,9.912,375.0,228.34,,,
2020-09-09,839.9052734375,-0.483559511751408,700,587933.69140625,7.007095,0.62189585,1947820800.0,8.420999,3.068,9.912,375.0,228.34,,,
2020-09-10,835.0078735351562,-0.5830895527420665,500,417503.9367675781,7.007095,0.62189585,1947820800.0,8.420999,3.068,9.912,375.0,228.34,,,
2020-09-11,831.7429809570312,-0.3910014122744165,2500,2079357.452392578,7.007095,0.62189585,1947820800.0,8.420999,3.068,9.912,375.0,228.34,,,
2020-09-14,848.8838500976562,2.0608372457681767,1900,1612879.3151855469,7.007095,0.62189585,1947820800.0,8.420999,3.068,9.912,375.0,228.34,,,
2020-09-15,855.4137573242188,0.7692344748708946,1600,1368662.01171875,7.007095,0.62189585,1947820800.0,8.420999,3.068,9.912,375.0,228.34,,,
2020-09-16,838.2728271484375,-2.003817454304102,2300,1928027.5024414065,7.007095,0.62189585,1947820800.0,8.420999,3.068,9.912,375.0,228.34,,,
2020-09-17,838.2728271484375,0.0,500,419136.4135742188,7.007095,0.62189585,1947820800.0,8.420999,3.068,9.912,375.0,228.34,,,
2020-09-18,822.764404296875,-1.8500448003686,2000,1645528.80859375,7.007095,0.62189585,1947820800.0,8.420999,3.068,9.912,375.0,228.34,,,
2020-09-23,814.60205078125,-0.9920644929456436,1300,1058982.666015625,7.007095,0.62189585,1947820800.0,8.420999,3.068,9.912,375.0,228.34,,,
2020-09-24,814.60205078125,0.0,3300,2688186.767578125,7.007095,0.62189585,1947820800.0,8.420999,3.068,9.912,375.0,228.34,,,
2020-09-25,824.3968505859375,1.2024030378138262,900,741957.1655273438,7.007095,0.62189585,1947820800.0,8.420999,3.068,9.912,375.0,228.34,,,
2020-09-28,830.1104736328125,0.6930670638557235,1300,1079143.6157226562,7.007095,0.62189585,1947820800.0,8.420999,3.068,9.912,375.0,228.34,,,
2020-09-29,821.1319580078125,-1.0816049080440204,900,739018.7622070312,7.007095,0.62189585,1947820800.0,8.420999,3.068,9.912,375.0,228.34,,,
2020-09-30,832.5592651367188,1.3916529514489406,2700,2247910.0158691406,7.007095,0.62189585,1947820800.0,8.420999,3.068,9.912,375.0,228.34,,,
2020-10-02,861.1273803710938,3.431361157176438,15900,13691925.34790039,7.007095,0.62189585,1947820800.0,8.420999,3.068,9.912,375.0,228.34,,,
2020-10-05,807.2559204101562,-6.255922316361861,18900,15257136.895751951,7.007095,0.62189585,1947820800.0,8.420999,3.068,9.912,375.0,228.34,,,
2020-10-06,825.2130737304688,2.2244684574364904,4400,3630937.524414064,7.007095,0.62189585,1947820800.0,8.420999,3.068,9.912,375.0,228.34,,,
2020-10-07,820.315673828125,-0.5934709541384864,2300,1886726.0498046875,7.007095,0.62189585,1947820800.0,8.420999,3.068,9.912,375.0,228.34,,,
2020-10-08,825.2130737304688,0.5970140591717854,1600,1320340.91796875,7.007095,0.62189585,1947820800.0,8.420999,3.068,9.912,375.0,228.34,,,
2020-10-09,833.3753662109375,0.98911332603715,2200,1833425.8056640625,7.007095,0.62189585,1947820800.0,8.420999,3.068,9.912,375.0,228.34,,,
2020-10-12,833.3753662109375,0.0,1100,916712.9028320312,7.007095,0.62189585,1947820800.0,8.420999,3.068,9.912,375.0,228.34,,,
2020-10-13,832.5592651367188,-0.0979271895123701,600,499535.5590820313,7.007095,0.62189585,1947820800.0,8.420999,3.068,9.912,375.0,228.34,,,
2020-10-14,809.70458984375,-2.7451109188263767,4100,3319788.818359375,7.007095,0.62189585,1947820800.0,8.420999,3.068,9.912,375.0,228.34,,,
2020-10-15,798.27734375,-1.411285824124464,3900,3113281.640625,7.007095,0.62189585,1947820800.0,8.420999,3.068,9.912,375.0,228.34,,,
2020-10-16,810.5208740234375,1.5337439261299934,3900,3161031.4086914062,7.007095,0.62189585,1947820800.0,8.420999,3.068,9.912,375.0,228.34,,,
2020-10-19,816.2345581054688,0.7049397819538505,2900,2367080.2185058594,7.007095,0.62189585,1947820800.0,8.420999,3.068,9.912,375.0,228.34,,,
2020-10-20,818.6831665039062,0.299988327389733,1600,1309893.06640625,7.007095,0.62189585,1947820800.0,8.420999,3.068,9.912,375.0,228.34,,,
2020-10-21,819.4993896484375,0.0996995147728219,100,81949.93896484375,7.007095,0.62189585,1947820800.0,8.420999,3.068,9.912,375.0,228.34,,,
2020-10-22,808.888427734375,-1.2948102278165896,100,80888.8427734375,7.007095,0.62189585,1947820800.0,8.420999,3.068,9.912,375.0,228.34,,,
2020-10-23,808.888427734375,0.0,1700,1375110.3271484375,7.007095,0.62189585,1947820800.0,8.420999,3.068,9.912,375.0,228.34,,,
2020-10-26,817.0507202148438,1.0090751951206125,2400,1960921.728515625,7.007095,0.62189585,1947820800.0,8.420999,3.068,9.912,375.0,228.34,,,
2020-10-27,812.1532592773438,-0.599407211367764,1900,1543091.1926269531,7.007095,0.62189585,1947820800.0,8.420999,3.068,9.912,375.0,228.34,,,
2020-10-28,812.9696044921875,0.1005161532652287,900,731672.6440429688,7.007095,0.62189585,1947820800.0,8.420999,3.068,9.912,375.0,228.34,,,
2020-10-29,824.3968505859375,1.405617876807086,2200,1813673.0712890625,7.007095,0.62189585,1947820800.0,8.420999,3.068,9.912,375.0,228.34,,,
2020-10-30,803.1748046875,-2.574251209639389,300,240952.44140625,7.007095,0.62189585,1947820800.0,8.420999,3.068,9.912,375.0,228.34,,,
2020-11-02,800.72607421875,-0.3048813850308418,2000,1601452.1484375,7.007095,0.62189585,1947820800.0,8.420999,3.068,9.912,375.0,228.34,,,
2020-11-04,806.4396362304688,0.7135476407825747,1300,1048371.5270996094,7.007095,0.62189585,1947820800.0,8.420999,3.068,9.912,375.0,228.34,,,
2020-11-05,812.1532592773438,0.7084997797953241,4700,3817120.318603516,7.007095,0.62189585,1947820800.0,8.420999,3.068,9.912,375.0,228.34,,,
2020-11-06,815.418212890625,0.4020120064760268,900,733876.3916015625,7.007095,0.62189585,1947820800.0,8.420999,3.068,9.912,375.0,228.34,,,
2020-11-09,820.315673828125,0.6006072540541751,1700,1394536.6455078125,7.007095,0.62189585,1947820800.0,8.420999,3.068,9.912,375.0,228.34,,,
2020-11-10,816.2345581054688,-0.4975055156036578,800,652987.646484375,7.007095,0.62189585,1947820800.0,8.420999,3.068,9.912,375.0,228.34,,,
2020-11-11,812.1532592773438,-0.5000154413454361,4500,3654689.666748047,7.007095,0.62189585,1947820800.0,8.420999,3.068,9.912,375.0,228.34,,,
2020-11-12,822.764404296875,1.3065446574668682,1700,1398699.4873046875,7.007095,0.62189585,1947820800.0,8.420999,3.068,9.912,375.0,228.34,,,
2020-11-13,815.418212890625,-0.8928669456146454,2000,1630836.42578125,7.007095,0.62189585,1947820800.0,8.420999,3.068,9.912,375.0,228.34,,,
2020-11-16,826.029296875,1.3013057369370085,700,578220.5078125,7.007095,0.62189585,1947820800.0,8.420999,3.068,9.912,375.0,228.34,,,
2020-11-17,820.315673828125,-0.6916973851279318,300,246094.7021484375,7.007095,0.62189585,1947820800.0,8.420999,3.068,9.912,375.0,228.34,,,
2020-11-18,816.2345581054688,-0.4975055156036578,300,244870.36743164065,7.007095,0.62189585,1947820800.0,8.420999,3.068,9.912,375.0,228.34,,,
2020-11-19,812.1532592773438,-0.5000154413454361,2800,2274029.1259765625,7.007095,0.62189585,1947820800.0,8.420999,3.068,9.912,375.0,228.34,,,
2020-11-20,815.418212890625,0.4020120064760268,2100,1712378.2470703125,7.007095,0.62189585,1947820800.0,8.420999,3.068,9.912,375.0,228.34,,,
2020-11-24,817.0507202148438,0.20020491306314,7800,6372995.617675781,7.007095,0.62189585,1947820800.0,8.420999,3.068,9.912,375.0,228.34,,,
2020-11-25,827.6618041992188,1.2987056643906758,2600,2151920.6909179688,7.007095,0.62189585,1947820800.0,8.420999,3.068,9.912,375.0,228.34,,,
2020-11-26,823.5806274414062,-0.4930971487516089,9600,7906374.0234375,7.007095,0.62189585,1947820800.0,8.420999,3.068,9.912,375.0,228.34,,,
2020-11-27,817.69189453125,-0.7150159576301163,8900,7277457.861328125,7.007095,0.62189585,1947820800.0,8.420999,3.068,9.912,375.0,228.34,,,
2020-11-30,803.3907470703125,-1.7489652956797053,7800,6266447.8271484375,7.007095,0.62189585,1947820800.0,8.420999,3.068,9.912,375.0,228.34,,,
2020-12-01,801.7081909179688,-0.2094318559778596,1200,962049.8291015624,7.007095,0.62189585,1947820800.0,8.420999,3.068,9.912,375.0,228.34,,,
2020-12-02,794.9782104492188,-0.8394551215753498,1500,1192467.315673828,7.007095,0.62189585,1947820800.0,8.420999,3.068,9.912,375.0,228.34,,,
2020-12-03,794.136962890625,-0.1058202033132893,1100,873550.6591796875,7.007095,0.62189585,1947820800.0,8.420999,3.068,9.912,375.0,228.34,,,
2020-12-04,794.9782104492188,0.1059323010896839,2200,1748952.0629882812,7.007095,0.62189585,1947820800.0,8.420999,3.068,9.912,375.0,228.34,,,
2020-12-07,794.9782104492188,0.0,2300,1828449.8840332031,7.007095,0.62189585,1947820800.0,8.420999,3.068,9.912,375.0,228.34,,,
2020-12-08,801.7081909179688,0.8465616265063591,1300,1042220.6481933594,7.007095,0.62189585,1947820800.0,8.420999,3.068,9.912,375.0,228.34,,,
2020-12-09,800.8668823242188,-0.1049395033355771,5000,4004334.4116210938,7.007095,0.62189585,1947820800.0,8.420999,3.068,9.912,375.0,228.34,,,
2020-12-10,801.7081909179688,0.105049742013108,1200,962049.8291015624,7.007095,0.62189585,1947820800.0,8.420999,3.068,9.912,375.0,228.34,,,
2020-12-11,799.1845092773438,-0.3147880574520978,700,559429.1564941406,7.007095,0.62189585,1947820800.0,8.420999,3.068,9.912,375.0,228.34,,,
2020-12-14,800.8668823242188,0.2105112182912982,1400,1121213.6352539062,7.007095,0.62189585,1947820800.0,8.420999,3.068,9.912,375.0,228.34,,,
2020-12-15,805.0731811523438,0.5252182255205406,3100,2495726.8615722656,7.007095,0.62189585,1947820800.0,8.420999,3.068,9.912,375.0,228.34,,,
2020-12-16,795.8194580078125,-1.1494263330553256,1900,1512056.9702148438,7.007095,0.62189585,1947820800.0,8.420999,3.068,9.912,375.0,228.34,,,
2020-12-17,807.596923828125,1.4799167954243408,1800,1453674.462890625,7.007095,0.62189585,1947820800.0,8.420999,3.068,9.912,375.0,228.34,,,
2020-12-18,800.8668823242188,-0.8333416467220967,700,560606.8176269531,7.007095,0.62189585,1947820800.0,8.420999,3.068,9.912,375.0,228.34,,,
2020-12-21,801.7081909179688,0.105049742013108,1700,1362903.9245605469,7.007095,0.62189585,1947820800.0,8.420999,3.068,9.912,375.0,228.34,,,
2020-12-22,798.34326171875,-0.419719947649011,2500,1995858.154296875,7.007095,0.62189585,1947820800.0,8.420999,3.068,9.912,375.0,228.34,,,
2020-12-23,796.6607666015625,-0.2107483331875603,2600,2071317.9931640625,7.007095,0.62189585,1947820800.0,8.420999,3.068,9.912,375.0,228.34,,,
2020-12-24,801.7081909179688,0.633572598025367,1500,1202562.2863769531,7.007095,0.62189585,1947820800.0,8.420999,3.068,9.912,375.0,228.34,,,
2020-12-25,800.8668823242188,-0.1049395033355771,2700,2162340.5822753906,7.007095,0.62189585,1947820800.0,8.420999,3.068,9.912,375.0,228.34,,,
2020-12-28,794.136962890625,-0.8403293458786432,2200,1747101.318359375,7.007095,0.62189585,1947820800.0,8.420999,3.068,9.912,375.0,228.34,,,
2020-12-29,799.1845092773438,0.6356014922597186,1300,1038939.8620605468,7.007095,0.62189585,1947820800.0,8.420999,3.068,9.912,375.0,228.34,,,
2020-12-30,800.8668823242188,0.2105112182912982,2500,2002167.2058105469,7.007095,0.62189585,1947820800.0,8.420999,3.068,9.912,375.0,228.34,,,
2021-01-04,800.0256958007812,-0.1050344997406194,2000,1600051.3916015625,7.007095,0.62189585,1947820800.0,8.420999,3.068,9.912,375.0,228.34,,,
2021-01-05,801.7081909179688,0.2103051346998841,1000,801708.1909179688,7.007095,0.62189585,1947820800.0,8.420999,3.068,9.912,375.0,228.34,,,
2021-01-06,800.0256958007812,-0.2098637803938374,1200,960030.8349609376,7.007095,0.62189585,1947820800.0,8.420999,3.068,9.912,375.0,228.34,,,
2021-01-07,799.1845092773438,-0.1051449382004521,2500,1997961.27319336,7.007095,0.62189585,1947820800.0,8.420999,3.068,9.912,375.0,228.34,,,
2021-01-08,800.8668823242188,0.2105112182912982,4000,3203467.529296875,7.007095,0.62189585,1947820800.0,8.420999,3.068,9.912,375.0,228.34,,,
2021-01-12,807.596923828125,0.8403445881511207,1600,1292155.078125,7.007095,0.62189585,1947820800.0,8.420999,3.068,9.912,375.0,228.34,,,
2021-01-13,816.8506469726562,1.1458343725069264,2700,2205496.746826172,7.007095,0.62189585,1947820800.0,8.420999,3.068,9.912,375.0,228.34,,,
2021-01-14,836.1994018554688,2.3687016659068805,4600,3846517.248535156,7.007095,0.62189585,1947820800.0,8.420999,3.068,9.912,375.0,228.34,,,
2021-01-15,824.421875,-1.4084591341891883,9300,7667123.4375,7.007095,0.62189585,1947820800.0,8.420999,3.068,9.912,375.0,228.34,,,
2021-01-18,826.1043701171875,0.2040818139605438,900,743493.9331054688,7.007095,0.62189585,1947820800.0,8.420999,3.068,9.912,375.0,228.34,,,
2021-01-19,833.6755981445312,0.9164977575738752,1400,1167145.8374023438,7.007095,0.62189585,1947820800.0,8.420999,3.068,9.912,375.0,228.34,,,
2021-01-20,821.056884765625,-1.5136239332170789,1500,1231585.3271484375,7.007095,0.62189585,1947820800.0,8.420999,3.068,9.912,375.0,228.34,,,
2021-01-21,824.421875,0.4098364311670766,1400,1154190.625,7.007095,0.62189585,1947820800.0,8.420999,3.068,9.912,375.0,228.34,,,
2021-01-22,831.9931030273438,0.918368162822425,1300,1081591.0339355469,7.007095,0.62189585,1947820800.0,8.420999,3.068,9.912,375.0,228.34,,,
2021-01-25,826.1043701171875,-0.7077862651419964,600,495662.6220703125,7.007095,0.62189585,1947820800.0,8.420999,3.068,9.912,375.0,228.34,,,
2021-01-26,844.6117553710938,2.2403204635366825,2200,1858145.8618164065,7.007095,0.62189585,1947820800.0,8.420999,3.068,9.912,375.0,228.34,,,
2021-01-27,840.405517578125,-0.4980084359731296,500,420202.7587890625,7.007095,0.62189585,1947820800.0,8.420999,3.068,9.912,375.0,228.34,,,
2021-01-28,822.7393798828125,-2.1020968241882376,2500,2056848.4497070312,7.007095,0.62189585,1947820800.0,8.420999,3.068,9.912,375.0,228.34,,,
2021-01-29,820.2156372070312,-0.3067487393323409,1700,1394366.5832519531,7.007095,0.62189585,1947820800.0,8.420999,3.068,9.912,375.0,228.34,,,
2021-02-01,825.2631225585938,0.6153851649000508,1300,1072842.059326172,7.007095,0.62189585,1947820800.0,8.420999,3.068,9.912,375.0,228.34,,,
2021-02-02,819.3744506835938,-0.71355083173269,500,409687.2253417969,7.007095,0.62189585,1947820800.0,8.420999,3.068,9.912,375.0,228.34,,,
2021-02-03,828.628173828125,1.1293643750803994,400,331451.26953125,7.007095,0.62189585,1947820800.0,8.420999,3.068,9.912,375.0,228.34,,,
2021-02-04,828.628173828125,0.0,400,331451.26953125,7.007095,0.62189585,1947820800.0,8.420999,3.068,9.912,375.0,228.34,,,
2021-02-05,830.310546875,0.2030311181796751,900,747279.4921875,7.007095,0.62189585,1947820800.0,8.420999,3.068,9.912,375.0,228.34,,,
2021-02-08,832.8343505859375,0.3039590091244992,1000,832834.3505859375,7.007095,0.62189585,1947820800.0,8.420999,3.068,9.912,375.0,228.34,,,
2021-02-09,835.3580322265625,0.3030232409181321,1300,1085965.4418945312,7.007095,0.62189585,1947820800.0,8.420999,3.068,9.912,375.0,228.34,,,
2021-02-10,832.8343505859375,-0.3021077841196318,200,166566.8701171875,7.007095,0.62189585,1947820800.0,8.420999,3.068,9.912,375.0,228.34,,,
2021-02-12,838.7230224609375,0.7070640002849293,500,419361.5112304688,7.007095,0.62189585,1947820800.0,8.420999,3.068,9.912,375.0,228.34,,,
2021-02-15,848.8180541992188,1.2036192483021235,4000,3395272.216796875,7.007095,0.62189585,1947820800.0,8.420999,3.068,9.912,375.0,228.34,,,
2021-02-16,841.246826171875,-0.8919730194106745,3600,3028488.57421875,7.007095,0.62189585,1947820800.0,8.420999,3.068,9.912,375.0,228.34,,,
2021-02-17,837.04052734375,-0.5000076906400808,2200,1841489.16015625,7.007095,0.62189585,1947820800.0,8.420999,3.068,9.912,375.0,228.34,,,
2021-02-18,829.4693603515625,-0.904516178710446,2000,1658938.720703125,7.007095,0.62189585,1947820800.0,8.420999,3.068,9.912,375.0,228.34,,,
2021-02-19,823.58056640625,-0.7099471332873142,2700,2223667.529296875,7.007095,0.62189585,1947820800.0,8.420999,3.068,9.912,375.0,228.34,,,
2021-02-22,828.628173828125,0.6128856881483458,3800,3148787.060546875,7.007095,0.62189585,1947820800.0,8.420999,3.068,9.912,375.0,228.34,,,
2021-02-24,824.421875,-0.5076219902942269,1300,1071748.4375,7.007095,0.62189585,1947820800.0,8.420999,3.068,9.912,375.0,228.34,,,
2021-02-25,826.1043701171875,0.2040818139605438,500,413052.18505859375,7.007095,0.62189585,1947820800.0,8.420999,3.068,9.912,375.0,228.34,,,
2021-02-26,825.2631225585938,-0.1018330841748738,1100,907789.4348144532,7.007095,0.62189585,1947820800.0,8.420999,3.068,9.912,375.0,228.34,,,
2021-03-01,824.421875,-0.1019368896535199,3600,2967918.75,7.007095,0.62189585,1947820800.0,8.420999,3.068,9.912,375.0,228.34,,,
2021-03-02,832.8343505859375,1.0204090698026969,300,249850.30517578125,7.007095,0.62189585,1947820800.0,8.420999,3.068,9.912,375.0,228.34,,,
2021-03-03,828.628173828125,-0.5050436206015307,700,580039.7216796875,7.007095,0.62189585,1947820800.0,8.420999,3.068,9.912,375.0,228.34,,,
2021-03-04,824.421875,-0.5076219902942269,700,577095.3125,7.007095,0.62189585,1947820800.0,8.420999,3.068,9.912,375.0,228.34,,,
2021-03-05,820.2156372070312,-0.5102045349013484,1400,1148301.8920898438,7.007095,0.62189585,1947820800.0,8.420999,3.068,9.912,375.0,228.34,,,
2021-03-08,824.421875,0.5128209707500497,900,741979.6875,7.007095,0.62189585,1947820800.0,8.420999,3.068,9.912,375.0,228.34,,,
2021-03-09,816.0093383789062,-1.0204164731914434,3100,2529628.9489746094,7.007095,0.62189585,1947820800.0,8.420999,3.068,9.912,375.0,228.34,,,
2021-03-10,818.533203125,0.3092936106721122,400,327413.28125,7.007095,0.62189585,1947820800.0,8.420999,3.068,9.912,375.0,228.34,,,
2021-03-11,829.4693603515625,1.336067637184457,400,331787.744140625,7.007095,0.62189585,1947820800.0,8.420999,3.068,9.912,375.0,228.34,,,
2021-03-12,831.9931030273438,0.3042599035498528,1500,1247989.6545410156,7.007095,0.62189585,1947820800.0,8.420999,3.068,9.912,375.0,228.34,,,
2021-03-15,833.6755981445312,0.2022246471834243,1400,1167145.8374023438,7.007095,0.62189585,1947820800.0,8.420999,3.068,9.912,375.0,228.34,,,
2021-03-16,834.5167846679688,0.1009009410026795,300,250355.03540039065,7.007095,0.62189585,1947820800.0,8.420999,3.068,9.912,375.0,228.34,,,
2021-03-17,831.9931030273438,-0.3024123285464086,600,499195.8618164063,7.007095,0.62189585,1947820800.0,8.420999,3.068,9.912,375.0,228.34,,,
2021-03-18,838.7230224609375,0.8088912527166148,1800,1509701.4404296875,7.007095,0.62189585,1947820800.0,8.420999,3.068,9.912,375.0,228.34,,,
2021-03-19,845.4530029296875,0.8024079807661844,1700,1437270.1049804688,7.007095,0.62189585,1947820800.0,8.420999,3.068,9.912,375.0,228.34,,,
2021-03-22,853.865478515625,0.9950258094520104,2700,2305436.7919921875,7.007095,0.62189585,1947820800.0,8.420999,3.068,9.912,375.0,228.34,,,
2021-03-23,866.4841918945312,1.4778338855955253,6100,5285553.570556641,7.007095,0.62189585,1947820800.0,8.420999,3.068,9.912,375.0,228.34,,,
2021-03-24,844.6117553710938,-2.5242741561867788,3300,2787218.7927246094,7.007095,0.62189585,1947820800.0,8.420999,3.068,9.912,375.0,228.34,,,
2021-03-25,864.8016967773438,2.3904404926710088,900,778321.5270996094,7.007095,0.62189585,1947820800.0,8.420999,3.068,9.912,375.0,228.34,,,
2021-03-26,853.0242919921875,-1.361861896090677,900,767721.8627929688,7.007095,0.62189585,1947820800.0,8.420999,3.068,9.912,375.0,228.34,,,
2021-03-29,858.9129638671875,0.6903287433054572,2600,2233173.7060546875,7.007095,0.62189585,1947820800.0,8.420999,3.068,9.912,375.0,228.34,,,
2021-03-30,863.1192626953125,0.4897235232294683,2000,1726238.525390625,7.007095,0.62189585,1947820800.0,8.420999,3.068,9.912,375.0,228.34,,,
2021-03-31,878.26171875,1.7543874536412485,3500,3073916.015625,7.007095,0.62189585,1947820800.0,8.420999,3.068,9.912,375.0,228.34,,,
2021-04-01,869.8491821289062,-0.957862154468836,1200,1043819.0185546876,7.007095,0.62189585,1947820800.0,8.420999,3.068,9.912,375.0,228.34,,,
2021-04-02,878.26171875,0.967125887329634,1900,1668697.265625,7.007095,0.62189585,1947820800.0,8.420999,3.068,9.912,375.0,228.34,,,
2021-04-05,1048.1934814453125,19.348647341383685,12200,12787960.473632812,7.007095,0.62189585,1947820800.0,8.420999,3.068,9.912,375.0,228.34,,,
2021-04-06,1079.3197021484375,2.9695109971688005,160300,173014948.25439453,7.007095,0.62189585,1947820800.0,8.420999,3.068,9.912,375.0,228.34,,,
2021-04-07,1033.892333984375,-4.20888899495091,31300,32360830.053710938,7.007095,0.62189585,1947820800.0,8.420999,3.068,9.912,375.0,228.34,,,
2021-04-08,1072.5897216796875,3.742883704938782,19800,21237276.48925781,7.007095,0.62189585,1947820800.0,8.420999,3.068,9.912,375.0,228.34,,,
2021-04-09,1061.6533203125,-1.019625784783862,10000,10616533.203125,7.007095,0.62189585,1947820800.0,8.420999,3.068,9.912,375.0,228.34,,,
2021-04-12,1076.7958984375,1.4263204226161896,11800,12706191.6015625,7.007095,0.62189585,1947820800.0,8.420999,3.068,9.912,375.0,228.34,,,
2021-04-13,1106.2396240234375,2.734383148065689,21100,23341656.06689453,7.007095,0.62189585,1947820800.0,8.420999,3.068,9.912,375.0,228.34,,,
2021-04-14,1095.3033447265625,-0.9885994914103023,8600,9419608.764648438,7.007095,0.62189585,1947820800.0,8.420999,3.068,9.912,375.0,228.34,,,
2021-04-15,1113.810791015625,1.6897096478494469,1100,1225191.8701171875,7.007095,0.62189585,1947820800.0,8.420999,3.068,9.912,375.0,228.34,,,
2021-04-16,1088.5733642578125,-2.2658630138427616,4200,4572008.1298828125,7.007095,0.62189585,1947820800.0,8.420999,3.068,9.912,375.0,228.34,,,
2021-04-19,1076.7958984375,-1.0819175084577193,2700,2907348.92578125,7.007095,0.62189585,1947820800.0,8.420999,3.068,9.912,375.0,228.34,,,
2021-04-20,1046.510986328125,-2.812502550698825,3500,3662788.4521484375,7.007095,0.62189585,1947820800.0,8.420999,3.068,9.912,375.0,228.34,,,
2021-04-21,1033.051025390625,-1.2861748336466805,10200,10537120.458984377,7.007095,0.62189585,1947820800.0,8.420999,3.068,9.912,375.0,228.34,,,
2021-04-22,1007.813720703125,-2.442987235597305,7700,7760165.6494140625,7.007095,0.62189585,1947820800.0,8.420999,3.068,9.912,375.0,228.34,,,
2021-04-23,999.4011840820312,-0.834731304831271,900,899461.0656738281,7.007095,0.62189585,1947820800.0,8.420999,3.068,9.912,375.0,228.34,,,
2021-04-26,1017.0674438476562,1.7676844941755698,1000,1017067.4438476562,7.007095,0.62189585,1947820800.0,8.420999,3.068,9.912,375.0,228.34,,,
2021-04-27,1017.0674438476562,0.0,0,0.0,7.007095,0.62189585,1947820800.0,8.420999,3.068,9.912,375.0,228.34,,,
2021-04-28,993.5125122070312,-2.3159655520497813,2500,2483781.280517578,7.007095,0.62189585,1947820800.0,8.420999,3.068,9.912,375.0,228.34,,,
2021-04-30,1009.49609375,1.6087951934759426,1100,1110445.703125,7.007095,0.62189585,1947820800.0,8.420999,3.068,9.912,375.0,228.34,,,
2021-05-06,990.9887084960938,-1.833329060755096,1700,1684680.8044433594,7.007095,0.62189585,1947820800.0,8.420999,3.068,9.912,375.0,228.34,,,
2021-05-07,956.4976196289062,-3.48047243843278,11900,11382321.673583984,7.007095,0.62189585,1947820800.0,8.420999,3.068,9.912,375.0,228.34,,,
2021-05-10,958.18017578125,0.1759080334142959,1900,1820542.333984375,7.007095,0.62189585,1947820800.0,8.420999,3.068,9.912,375.0,228.34,,,
2021-05-11,937.9901733398438,-2.107119616093533,5300,4971347.918701172,7.007095,0.62189585,1947820800.0,8.420999,3.068,9.912,375.0,228.34,,,
2021-05-12,900.1340942382812,-4.0358716090564855,7300,6570978.887939453,7.007095,0.62189585,1947820800.0,8.420999,3.068,9.912,375.0,228.34,,,
2021-05-13,916.958984375,1.8691537454712748,2000,1833917.96875,7.007095,0.62189585,1947820800.0,8.420999,3.068,9.912,375.0,228.34,,,
2021-05-14,911.0702514648438,-0.6422024333149423,900,819963.2263183594,7.007095,0.62189585,1947820800.0,8.420999,3.068,9.912,375.0,228.34,,,
2021-05-17,909.3878173828124,-0.1846656807558133,3700,3364734.9243164062,7.007095,0.62189585,1947820800.0,8.420999,3.068,9.912,375.0,228.34,,,
2021-05-18,916.958984375,0.8325564569335198,1100,1008654.8828125,7.007095,0.62189585,1947820800.0,8.420999,3.068,9.912,375.0,228.34,,,
2021-05-19,916.958984375,0.0,1900,1742222.0703125,7.007095,0.62189585,1947820800.0,8.420999,3.068,9.912,375.0,228.34,,,
2021-05-20,912.7528686523438,-0.4587027112802788,800,730202.294921875,7.007095,0.62189585,1947820800.0,8.420999,3.068,9.912,375.0,228.34,,,
2021-05-21,916.958984375,0.4608164890093968,600,550175.390625,7.007095,0.62189585,1947820800.0,8.420999,3.068,9.912,375.0,228.34,,,
2021-05-24,905.1815795898438,-1.28439821037184,3200,2896581.0546875,7.007095,0.62189585,1947820800.0,8.420999,3.068,9.912,375.0,228.34,,,
2021-05-25,922.0064697265624,1.858730945932696,1600,1475210.3515625,7.007095,0.62189585,1947820800.0,8.420999,3.068,9.912,375.0,228.34,,,
2021-05-26,929.5776977539062,0.821168644249215,1800,1673239.8559570312,7.007095,0.62189585,1947820800.0,8.420999,3.068,9.912,375.0,228.34,,,
2021-05-27,919.4827270507812,-1.0859738489334414,2700,2482603.3630371094,7.007095,0.62189585,1947820800.0,8.420999,3.068,9.912,375.0,228.34,,,
2021-05-28,941.3551635742188,2.378776227106827,1700,1600303.778076172,7.007095,0.62189585,1947820800.0,8.420999,3.068,9.912,375.0,228.34,,,
2021-05-31,1193.729248046875,26.80965635907497,5200,6207392.08984375,7.007095,0.62189585,1947820800.0,8.420999,3.068,9.912,375.0,228.34,,,
2021-06-01,1307.297607421875,9.513745228309968,185900,243026625.21972656,7.007095,0.62189585,1947820800.0,8.420999,3.068,9.912,375.0,228.34,,,
2021-06-02,1298.0438232421875,-0.7078559715210431,69700,90473654.47998048,7.007095,0.62189585,1947820800.0,8.420999,3.068,9.912,375.0,228.34,,,
2021-06-03,1270.28271484375,-2.138688070568928,23300,29597587.25585937,7.007095,0.62189585,1947820800.0,8.420999,3.068,9.912,375.0,228.34,,,
2021-06-04,1252.6165771484375,-1.3907248747760503,10100,12651427.42919922,7.007095,0.62189585,1947820800.0,8.420999,3.068,9.912,375.0,228.34,,,
2021-06-07,1200.4593505859375,-4.163862071922686,33400,40095342.30957031,7.007095,0.62189585,1947820800.0,8.420999,3.068,9.912,375.0,228.34,,,
2021-06-08,1182.7930908203125,-1.4716249873019227,8400,9935461.962890623,7.007095,0.62189585,1947820800.0,8.420999,3.068,9.912,375.0,228.34,,,
2021-06-09,1200.4593505859375,1.4936052554528123,13100,15726017.49267578,7.007095,0.62189585,1947820800.0,8.420999,3.068,9.912,375.0,228.34,,,
2021-06-10,1203.82421875,0.2802983843159801,3500,4213384.765625,7.007095,0.62189585,1947820800.0,8.420999,3.068,9.912,375.0,228.34,,,
2021-06-11,1186.1580810546875,-1.4675014358538352,2700,3202626.818847656,7.007095,0.62189585,1947820800.0,8.420999,3.068,9.912,375.0,228.34,,,
2021-06-14,1229.0616455078125,3.6170191088675807,11900,14625833.581542969,7.007095,0.62189585,1947820800.0,8.420999,3.068,9.912,375.0,228.34,,,
2021-06-15,1233.2679443359375,0.3422366033061896,4800,5919686.1328125,7.007095,0.62189585,1947820800.0,8.420999,3.068,9.912,375.0,228.34,,,
2021-06-16,1219.8079833984375,-1.0914060484031762,9900,12076099.035644531,7.007095,0.62189585,1947820800.0,8.420999,3.068,9.912,375.0,228.34,,,
2021-06-17,1191.2054443359375,-2.344839470783921,8300,9887005.18798828,7.007095,0.62189585,1947820800.0,8.420999,3.068,9.912,375.0,228.34,,,
2021-06-18,1146.619384765625,-3.7429361813543394,11500,13186122.924804688,7.007095,0.62189585,1947820800.0,8.420999,3.068,9.912,375.0,228.34,,,
2021-06-21,1098.668212890625,-4.18196068478307,20000,21973364.2578125,7.007095,0.62189585,1947820800.0,8.420999,3.068,9.912,375.0,228.34,,,
2021-06-22,1102.87451171875,0.3828543302493603,8600,9484720.80078125,7.007095,0.62189585,1947820800.0,8.420999,3.068,9.912,375.0,228.34,,,
2021-06-23,1114.6519775390625,1.0678881137581309,2800,3121025.537109375,7.007095,0.62189585,1947820800.0,8.420999,3.068,9.912,375.0,228.34,,,
2021-06-24,1104.5570068359375,-0.9056612204118464,3300,3645038.1225585938,7.007095,0.62189585,1947820800.0,8.420999,3.068,9.912,375.0,228.34,,,
2021-06-25,1112.1282958984375,0.6854593303598167,2700,3002746.398925781,7.007095,0.62189585,1947820800.0,8.420999,3.068,9.912,375.0,228.34,,,
2021-06-28,1236.6326904296875,11.195146728163108,51900,64181236.63330078,7.007095,0.62189585,1947820800.0,8.420999,3.068,9.912,375.0,228.34,,,
2021-06-29,1246.727783203125,0.8163372076092967,22600,28176047.900390625,7.007095,0.62189585,1947820800.0,8.420999,3.068,9.912,375.0,228.34,,,
2021-06-30,1244.2039794921875,-0.2024342238089227,5600,6967542.28515625,7.007095,0.62189585,1947820800.0,8.420999,3.068,9.912,375.0,228.34,,,
2021-07-01,1212.236572265625,-2.569305978237568,13400,16243970.068359377,7.007095,0.62189585,1947820800.0,8.420999,3.068,9.912,375.0,228.34,,,
2021-07-02,1248.4102783203125,2.9840467514587576,9500,11859897.644042969,7.007095,0.62189585,1947820800.0,8.420999,3.068,9.912,375.0,228.34,,,
2021-07-05,1372.9149169921875,9.973054598636534,81800,112304440.20996094,7.007095,0.62189585,1947820800.0,8.420999,3.068,9.912,375.0,228.34,,,
2021-07-06,1254.2989501953125,-8.63971724167303,71900,90184094.51904295,7.007095,0.62189585,1947820800.0,8.420999,3.068,9.912,375.0,228.34,,,
2021-07-07,1255.9815673828125,0.134148018479796,17000,21351686.64550781,7.007095,0.62189585,1947820800.0,8.420999,3.068,9.912,375.0,228.34,,,
2021-07-08,1215.6016845703125,-3.215006004956167,11300,13736299.035644531,7.007095,0.62189585,1947820800.0,8.420999,3.068,9.912,375.0,228.34,,,
2021-07-09,1200.4593505859375,-1.2456657617850753,17400,20887992.700195312,7.007095,0.62189585,1947820800.0,8.420999,3.068,9.912,375.0,228.34,,,
2021-07-12,1172.6981201171875,-2.3125506461505685,10400,12196060.44921875,7.007095,0.62189585,1947820800.0,8.420999,3.068,9.912,375.0,228.34,,,
2021-07-13,1177.745361328125,0.4303956085845106,3500,4122108.7646484375,7.007095,0.62189585,1947820800.0,8.420999,3.068,9.912,375.0,228.34,,,
2021-07-14,1150.8255615234375,-2.2857062900532688,7800,8976439.379882812,7.007095,0.62189585,1947820800.0,8.420999,3.068,9.912,375.0,228.34,,,
2021-07-15,1124.7469482421875,-2.2660787310570085,5700,6411057.604980469,7.007095,0.62189585,1947820800.0,8.420999,3.068,9.912,375.0,228.34,,,
2021-07-16,1131.4769287109375,0.5983550770480406,2300,2602396.936035156,7.007095,0.62189585,1947820800.0,8.420999,3.068,9.912,375.0,228.34,,,
2021-07-19,1116.33447265625,-1.3382911900765793,5800,6474739.94140625,7.007095,0.62189585,1947820800.0,8.420999,3.068,9.912,375.0,228.34,,,
2021-07-20,1118.0169677734375,0.1507160406131857,4100,4583869.567871094,7.007095,0.62189585,1947820800.0,8.420999,3.068,9.912,375.0,228.34,,,
2021-07-21,1106.2396240234375,-1.0534136859706944,4300,4756830.383300781,7.007095,0.62189585,1947820800.0,8.420999,3.068,9.912,375.0,228.34,,,
2021-07-26,1115.4932861328125,0.8364970760782464,1300,1450141.2719726562,7.007095,0.62189585,1947820800.0,8.420999,3.068,9.912,375.0,228.34,,,
2021-07-27,1111.2869873046875,-0.3770797081807053,700,777900.8911132812,7.007095,0.62189585,1947820800.0,8.420999,3.068,9.912,375.0,228.34,,,
2021-07-28,1096.14453125,-1.362605360062208,7200,7892240.625,7.007095,0.62189585,1947820800.0,8.420999,3.068,9.912,375.0,228.34,,,
2021-07-29,1101.1920166015625,0.4604762609002444,800,880953.61328125,7.007095,0.62189585,1947820800.0,8.420999,3.068,9.912,375.0,228.34,,,
2021-07-30,1089.41455078125,-1.0695197243310473,4300,4684482.568359375,7.007095,0.62189585,1947820800.0,8.420999,3.068,9.912,375.0,228.34,,,
2021-08-02,1106.2396240234375,1.5444142204748212,1300,1438111.5112304688,7.007095,0.62189585,1947820800.0,8.420999,3.068,9.912,375.0,228.34,,,
2021-08-03,1098.668212890625,-0.6844277648702324,1100,1208535.0341796875,7.007095,0.62189585,1947820800.0,8.420999,3.068,9.912,375.0,228.34,,,
2021-08-04,1102.0333251953125,0.3062901306513543,2000,2204066.650390625,7.007095,0.62189585,1947820800.0,8.420999,3.068,9.912,375.0,228.34,,,
2021-08-05,1118.0169677734375,1.450377426226401,9000,10062152.709960938,7.007095,0.62189585,1947820800.0,8.420999,3.068,9.912,375.0,228.34,,,
2021-08-06,1112.969482421875,-0.4514676876161139,2600,2893720.654296875,7.007095,0.62189585,1947820800.0,8.420999,3.068,9.912,375.0,228.34,,,
2021-08-10,1126.429443359375,1.2093737654163217,4300,4843646.6064453125,7.007095,0.62189585,1947820800.0,8.420999,3.068,9.912,375.0,228.34,,,
2021-08-11,1134.8419189453125,0.746826677474699,6700,7603440.856933594,7.007095,0.62189585,1947820800.0,8.420999,3.068,9.912,375.0,228.34,,,
2021-08-12,1149.14306640625,1.260188509270832,3300,3792172.119140625,7.007095,0.62189585,1947820800.0,8.420999,3.068,9.912,375.0,228.34,,,
2021-08-13,1149.9844970703125,0.0732224462437036,3600,4139944.189453125,7.007095,0.62189585,1947820800.0,8.420999,3.068,9.912,375.0,228.34,,,
2021-08-16,1127.270751953125,-1.9751348974749503,1700,1916360.2783203125,7.007095,0.62189585,1947820800.0,8.420999,3.068,9.912,375.0,228.34,,,
2021-08-17,1131.4769287109375,0.3731292371885741,3200,3620726.171875,7.007095,0.62189585,1947820800.0,8.420999,3.068,9.912,375.0,228.34,,,
2021-08-18,1128.953125,-0.2230539259702624,3500,3951335.9375,7.007095,0.62189585,1947820800.0,8.420999,3.068,9.912,375.0,228.34,,,
2021-08-19,1123.9058837890625,-0.4470726994034835,5000,5619529.4189453125,7.007095,0.62189585,1947820800.0,8.420999,3.068,9.912,375.0,228.34,,,
2021-08-20,1059.970947265625,-5.688637940740327,10700,11341689.135742188,7.007095,0.62189585,1947820800.0,8.420999,3.068,9.912,375.0,228.34,,,
2021-08-23,1093.620849609375,3.174606099398813,500,546810.4248046875,7.007095,0.62189585,1947820800.0,8.420999,3.068,9.912,375.0,228.34,,,
2021-08-24,1104.5570068359375,0.9999953119464332,10000,11045570.068359377,7.007095,0.62189585,1947820800.0,8.420999,3.068,9.912,375.0,228.34,,,
2021-08-25,1118.858154296875,1.2947405495985942,2500,2797145.3857421875,7.007095,0.62189585,1947820800.0,8.420999,3.068,9.912,375.0,228.34,,,
2021-08-26,1217.2841796875,8.797006574303335,14500,17650620.60546875,7.007095,0.62189585,1947820800.0,8.420999,3.068,9.912,375.0,228.34,,,
2021-08-27,1245.0452880859375,2.280577441297593,12800,15936579.6875,7.007095,0.62189585,1947820800.0,8.420999,3.068,9.912,375.0,228.34,,,
2021-08-30,1255.1402587890625,0.810811526273425,4300,5397103.112792969,7.007095,0.62189585,1947820800.0,8.420999,3.068,9.912,375.0,228.34,,,
2021-08-31,1245.0452880859375,-0.8042902482360392,5600,6972253.61328125,7.007095,0.62189585,1947820800.0,8.420999,3.068,9.912,375.0,228.34,,,
2021-09-01,1207.1893310546875,-3.040528516793761,4200,5070195.190429688,7.007095,0.62189585,1947820800.0,8.420999,3.068,9.912,375.0,228.34,,,
2021-09-02,1224.8553466796875,1.463400576077456,1600,1959768.5546875,7.007095,0.62189585,1947820800.0,8.420999,3.068,9.912,375.0,228.34,,,
2021-09-03,1336.7412109375,9.13461859484961,44800,59886006.25,7.007095,0.62189585,1947820800.0,8.420999,3.068,9.912,375.0,228.34,,,
2021-09-06,1317.3924560546875,-1.4474570488660743,13100,17257841.174316406,7.007095,0.62189585,1947820800.0,8.420999,3.068,9.912,375.0,228.34,,,
2021-09-07,1345.994873046875,2.1711386656824816,14000,18843928.22265625,7.007095,0.62189585,1947820800.0,8.420999,3.068,9.912,375.0,228.34,,,
2021-09-08,1338.4237060546875,-0.5624959755640813,17500,23422414.85595703,7.007095,0.62189585,1947820800.0,8.420999,3.068,9.912,375.0,228.34,,,
2021-09-09,1336.7412109375,-0.1257072113693413,31700,42374696.38671875,7.007095,0.62189585,1947820800.0,8.420999,3.068,9.912,375.0,228.34,,,
2021-09-10,1439.373291015625,7.677782299099299,62300,89672956.03027344,7.007095,0.62189585,1947820800.0,8.420999,3.068,9.912,375.0,228.34,,,
2021-09-13,1430.11962890625,-0.6428952216311901,10700,15302280.029296877,7.007095,0.62189585,1947820800.0,8.420999,3.068,9.912,375.0,228.34,,,
2021-09-14,1431.8021240234375,0.1176471592431838,5200,7445371.044921875,7.007095,0.62189585,1947820800.0,8.420999,3.068,9.912,375.0,228.34,,,
2021-09-15,1439.373291015625,0.5287858472309059,14700,21158787.377929688,7.007095,0.62189585,1947820800.0,8.420999,3.068,9.912,375.0,228.34,,,
2021-09-16,1396.4697265625,-2.980711447191864,17300,24158926.26953125,7.007095,0.62189585,1947820800.0,8.420999,3.068,9.912,375.0,228.34,,,
2021-09-17,1418.3421630859375,1.566266429368146,13600,19289453.41796875,7.007095,0.62189585,1947820800.0,8.420999,3.068,9.912,375.0,228.34,,,
2021-09-21,1396.4697265625,-1.542112833750131,8200,11451051.7578125,7.007095,0.62189585,1947820800.0,8.420999,3.068,9.912,375.0,228.34,,,
2021-09-22,1383.85107421875,-0.9036108770371754,3200,4428323.4375,7.007095,0.62189585,1947820800.0,8.420999,3.068,9.912,375.0,228.34,,,
2021-09-24,1418.3421630859375,2.492398893909842,10800,15318095.361328123,7.007095,0.62189585,1947820800.0,8.420999,3.068,9.912,375.0,228.34,,,
2021-09-27,1486.4832763671875,4.8042789007268105,15800,23486435.76660156,7.007095,0.62189585,1947820800.0,8.420999,3.068,9.912,375.0,228.34,,,
2021-09-28,1467.1346435546875,-1.3016381092282536,4700,6895532.824707031,7.007095,0.62189585,1947820800.0,8.420999,3.068,9.912,375.0,228.34,,,
2021-09-29,1441.0557861328125,-1.7775367473219172,12300,17724986.169433594,7.007095,0.62189585,1947820800.0,8.420999,3.068,9.912,375.0,228.34,,,
2021-09-30,1425.913330078125,-1.0507890256853614,8500,12120263.305664062,7.007095,0.62189585,1947820800.0,8.420999,3.068,9.912,375.0,228.34,,,
2021-10-01,1462.92822265625,2.59587253988971,16300,23845730.029296875,7.007095,0.62189585,1947820800.0,8.420999,3.068,9.912,375.0,228.34,,,
2021-10-04,1427.5958251953125,-2.415183254635977,58200,83086077.02636719,7.007095,0.62189585,1947820800.0,8.420999,3.068,9.912,375.0,228.34,,,
2021-10-05,1324.9637451171875,-7.189155240355493,78000,103347172.11914062,7.007095,0.62189585,1947820800.0,8.420999,3.068,9.912,375.0,228.34,,,
2021-10-06,1255.1402587890625,-5.269841275690856,41900,52590376.84326172,7.007095,0.62189585,1947820800.0,8.420999,3.068,9.912,375.0,228.34,,,
2021-10-07,1285.425048828125,2.4128610190769173,11800,15168015.576171877,7.007095,0.62189585,1947820800.0,8.420999,3.068,9.912,375.0,228.34,,,
2021-10-08,1295.52001953125,0.785341059934086,11400,14768928.22265625,7.007095,0.62189585,1947820800.0,8.420999,3.068,9.912,375.0,228.34,,,
2021-10-11,1289.6314697265625,-0.4545317490977973,9900,12767351.550292969,7.007095,0.62189585,1947820800.0,8.420999,3.068,9.912,375.0,228.34,,,
2021-10-12,1288.7900390625,-0.0652458228427743,6300,8119377.24609375,7.007095,0.62189585,1947820800.0,8.420999,3.068,9.912,375.0,228.34,,,
2021-10-13,1272.806396484375,-1.2402053161236326,5700,7254996.4599609375,7.007095,0.62189585,1947820800.0,8.420999,3.068,9.912,375.0,228.34,,,
2021-10-14,1250.9339599609375,-1.7184417507526306,10300,12884619.787597656,7.007095,0.62189585,1947820800.0,8.420999,3.068,9.912,375.0,228.34,,,
2021-10-15,1279.536376953125,2.286484971043601,5100,6525635.5224609375,7.007095,0.62189585,1947820800.0,8.420999,3.068,9.912,375.0,228.34,,,
2021-10-18,1314.86865234375,2.7613341853366835,11400,14989502.63671875,7.007095,0.62189585,1947820800.0,8.420999,3.068,9.912,375.0,228.34,,,
2021-10-19,1319.916259765625,0.3838868173545506,7400,9767380.322265623,7.007095,0.62189585,1947820800.0,8.420999,3.068,9.912,375.0,228.34,,,
2021-10-20,1361.1373291015625,3.123006405213702,18700,25453268.05419922,7.007095,0.62189585,1947820800.0,8.420999,3.068,9.912,375.0,228.34,,,
2021-10-21,1372.9149169921875,0.8652755044488369,9400,12905400.219726562,7.007095,0.62189585,1947820800.0,8.420999,3.068,9.912,375.0,228.34,,,
2021-10-22,1338.4237060546875,-2.5122613579772413,7600,10172020.166015623,7.007095,0.62189585,1947820800.0,8.420999,3.068,9.912,375.0,228.34,,,
2021-10-25,1341.7886962890625,0.2514144227386827,3000,4025366.088867188,7.007095,0.62189585,1947820800.0,8.420999,3.068,9.912,375.0,228.34,,,
2021-10-26,1344.3123779296875,0.1880833880628651,7600,10216774.072265623,7.007095,0.62189585,1947820800.0,8.420999,3.068,9.912,375.0,228.34,,,
2021-10-27,1327.4874267578125,-1.2515655920528168,12800,16991839.0625,7.007095,0.62189585,1947820800.0,8.420999,3.068,9.912,375.0,228.34,,,
2021-10-28,1356.0897216796875,2.154618894713889,8200,11119935.717773438,7.007095,0.62189585,1947820800.0,8.420999,3.068,9.912,375.0,228.34,,,
2021-10-29,1335.9000244140625,-1.488817217832572,8000,10687200.1953125,7.007095,0.62189585,1947820800.0,8.420999,3.068,9.912,375.0,228.34,,,
2021-11-01,1346.836181640625,0.8186359028894641,5400,7272915.380859375,7.007095,0.62189585,1947820800.0,8.420999,3.068,9.912,375.0,228.34,,,
2021-11-02,1346.836181640625,0.0,6400,8619751.5625,7.007095,0.62189585,1947820800.0,8.420999,3.068,9.912,375.0,228.34,,,
2021-11-04,1352.724853515625,0.4372225780144179,7200,9739618.9453125,7.007095,0.62189585,1947820800.0,8.420999,3.068,9.912,375.0,228.34,,,
2021-11-05,1340.106201171875,-0.93283215067389,5000,6700531.005859375,7.007095,0.62189585,1947820800.0,8.420999,3.068,9.912,375.0,228.34,,,
2021-11-08,1314.86865234375,-1.883249910048601,8900,11702331.005859377,7.007095,0.62189585,1947820800.0,8.420999,3.068,9.912,375.0,228.34,,,
2021-11-09,1292.996337890625,-1.663460028052055,8300,10731869.604492188,7.007095,0.62189585,1947820800.0,8.420999,3.068,9.912,375.0,228.34,,,
2021-11-10,1280.377685546875,-0.975923285624758,13400,17157060.986328125,7.007095,0.62189585,1947820800.0,8.420999,3.068,9.912,375.0,228.34,,,
2021-11-11,1265.235107421875,-1.1826649508135056,9000,11387115.966796877,7.007095,0.62189585,1947820800.0,8.420999,3.068,9.912,375.0,228.34,,,
2021-11-12,1261.8702392578125,-0.2659480553712234,7900,9968774.89013672,7.007095,0.62189585,1947820800.0,8.420999,3.068,9.912,375.0,228.34,,,
2021-11-15,1284.5838623046875,1.799996730268738,8400,10790504.443359377,7.007095,0.62189585,1947820800.0,8.420999,3.068,9.912,375.0,228.34,,,
2021-11-16,1306.456298828125,1.702686540386389,8200,10712941.650390623,7.007095,0.62189585,1947820800.0,8.420999,3.068,9.912,375.0,228.34,,,
2021-11-17,1325.8048095703125,1.4809918065795902,6900,9148053.186035156,7.007095,0.62189585,1947820800.0,8.420999,3.068,9.912,375.0,228.34,,,
2021-11-18,1333.376220703125,0.571080379114508,3800,5066829.638671875,7.007095,0.62189585,1947820800.0,8.420999,3.068,9.912,375.0,228.34,,,
2021-11-19,1351.04248046875,1.3249268654505597,7300,9862610.107421877,7.007095,0.62189585,1947820800.0,8.420999,3.068,9.912,375.0,228.34,,,
2021-11-22,1363.6611328125,0.9339937512084616,11800,16091201.3671875,7.007095,0.62189585,1947820800.0,8.420999,3.068,9.912,375.0,228.34,,,
2021-11-24,1346.836181640625,-1.2338073416504949,17300,23300265.94238281,7.007095,0.62189585,1947820800.0,8.420999,3.068,9.912,375.0,228.34,,,
2021-11-25,1308.1387939453125,-2.873206721263899,11300,14781968.371582031,7.007095,0.62189585,1947820800.0,8.420999,3.068,9.912,375.0,228.34,,,
2021-11-26,1275.330078125,-2.5080454743920733,19900,25379068.5546875,7.007095,0.62189585,1947820800.0,8.420999,3.068,9.912,375.0,228.34,,,
2021-11-29,1224.87353515625,-3.956351679788783,17600,21557774.21875,7.007095,0.62189585,1947820800.0,8.420999,3.068,9.912,375.0,228.34,,,
2021-11-30,1145.709228515625,-6.463059603171728,15800,18102205.810546875,7.007095,0.62189585,1947820800.0,8.420999,3.068,9.912,375.0,228.34,,,
2021-12-01,1143.9693603515625,-0.1518594876220635,12500,14299617.004394531,7.007095,0.62189585,1947820800.0,8.420999,3.068,9.912,375.0,228.34,,,
2021-12-02,1117.0013427734375,-2.35740733211921,5000,5585006.713867188,7.007095,0.62189585,1947820800.0,8.420999,3.068,9.912,375.0,228.34,,,
2021-12-03,1130.9202880859375,1.246099246213994,10700,12100847.082519531,7.007095,0.62189585,1947820800.0,8.420999,3.068,9.912,375.0,228.34,,,
2021-12-06,1117.0013427734375,-1.2307627212221672,3100,3462704.162597656,7.007095,0.62189585,1947820800.0,8.420999,3.068,9.912,375.0,228.34,,,
2021-12-07,1115.261474609375,-0.1557624057767492,8700,9702774.829101562,7.007095,0.62189585,1947820800.0,8.420999,3.068,9.912,375.0,228.34,,,
2021-12-08,1161.3681640625,4.134159612146027,10900,12658912.98828125,7.007095,0.62189585,1947820800.0,8.420999,3.068,9.912,375.0,228.34,,,
2021-12-09,1156.148681640625,-0.449425305720208,4400,5087054.19921875,7.007095,0.62189585,1947820800.0,8.420999,3.068,9.912,375.0,228.34,,,
2021-12-10,1130.9202880859375,-2.182106328996314,3300,3732036.9506835938,7.007095,0.62189585,1947820800.0,8.420999,3.068,9.912,375.0,228.34,,,
2021-12-13,1104.8221435546875,-2.307690896183378,1200,1325786.572265625,7.007095,0.62189585,1947820800.0,8.420999,3.068,9.912,375.0,228.34,,,
2021-12-14,1110.91162109375,0.5511726547650531,3000,3332734.86328125,7.007095,0.62189585,1947820800.0,8.420999,3.068,9.912,375.0,228.34,,,
2021-12-15,1101.3424072265625,-0.8613839017874492,1500,1652013.6108398438,7.007095,0.62189585,1947820800.0,8.420999,3.068,9.912,375.0,228.34,,,
2021-12-16,1101.3424072265625,0.0,2800,3083758.740234375,7.007095,0.62189585,1947820800.0,8.420999,3.068,9.912,375.0,228.34,,,
2021-12-17,1108.302001953125,0.6319192542570296,5300,5874000.6103515625,7.007095,0.62189585,1947820800.0,8.420999,3.068,9.912,375.0,228.34,,,
2021-12-20,1070.89453125,-3.375205552024896,8700,9316782.421875,7.007095,0.62189585,1947820800.0,8.420999,3.068,9.912,375.0,228.34,,,
2021-12-21,1048.276123046875,-2.1121041842209864,4000,4193104.4921875,7.007095,0.62189585,1947820800.0,8.420999,3.068,9.912,375.0,228.34,,,
2021-12-22,1107.431884765625,5.643146916941166,8100,8970198.266601562,7.007095,0.62189585,1947820800.0,8.420999,3.068,9.912,375.0,228.34,,,
2021-12-23,1168.3277587890625,5.498836981411759,8100,9463454.846191406,7.007095,0.62189585,1947820800.0,8.420999,3.068,9.912,375.0,228.34,,,
2021-12-24,1161.3681640625,-0.5956885535079559,8400,9755492.578125,7.007095,0.62189585,1947820800.0,8.420999,3.068,9.912,375.0,228.34,,,
2021-12-27,1153.5386962890625,-0.6741589803916925,4300,4960216.394042969,7.007095,0.62189585,1947820800.0,8.420999,3.068,9.912,375.0,228.34,,,
2021-12-28,1138.749755859375,-1.282049789683137,8000,9109998.046875,7.007095,0.62189585,1947820800.0,8.420999,3.068,9.912,375.0,228.34,,,
2021-12-29,1150.0589599609375,0.993124612617624,2000,2300117.919921875,7.007095,0.62189585,1947820800.0,8.420999,3.068,9.912,375.0,228.34,,,
2021-12-30,1137.010009765625,-1.1346331492218198,4400,5002844.04296875,7.007095,0.62189585,1947820800.0,8.420999,3.068,9.912,375.0,228.34,,,
2022-01-04,1160.498291015625,2.065793708785524,18700,21701318.041992188,7.007095,0.62189585,1947820800.0,8.420999,3.068,9.912,375.0,228.34,,,
2022-01-05,1144.8392333984375,-1.3493391363362806,10900,12478747.644042969,7.007095,0.62189585,1947820800.0,8.420999,3.068,9.912,375.0,228.34,,,
2022-01-06,1135.27001953125,-0.8358565629150827,5500,6243985.107421875,7.007095,0.62189585,1947820800.0,8.420999,3.068,9.912,375.0,228.34,,,
2022-01-07,1135.27001953125,0.0,3700,4200499.072265625,7.007095,0.62189585,1947820800.0,8.420999,3.068,9.912,375.0,228.34,,,
2022-01-11,1118.7412109375,-1.4559363243446422,8000,8949929.6875,7.007095,0.62189585,1947820800.0,8.420999,3.068,9.912,375.0,228.34,,,
2022-01-12,1134.400146484375,1.399692385851492,8300,9415521.215820312,7.007095,0.62189585,1947820800.0,8.420999,3.068,9.912,375.0,228.34,,,
2022-01-13,1218.7840576171875,7.438637185857844,55500,67642515.1977539,7.007095,0.62189585,1947820800.0,8.420999,3.068,9.912,375.0,228.34,,,
2022-01-14,1015.2184448242188,-16.702352768787808,81200,82435737.71972656,7.007095,0.62189585,1947820800.0,8.420999,3.068,9.912,375.0,228.34,,,
2022-01-17,1007.3890380859376,-0.7712041460827601,16200,16319702.416992188,7.007095,0.62189585,1947820800.0,8.420999,3.068,9.912,375.0,228.34,,,
2022-01-18,989.9901123046876,-1.7271307432834893,15600,15443845.751953123,7.007095,0.62189585,1947820800.0,8.420999,3.068,9.912,375.0,228.34,,,
2022-01-19,923.0049438476562,-6.766246210387939,17300,15967985.528564451,7.007095,0.62189585,1947820800.0,8.420999,3.068,9.912,375.0,228.34,,,
2022-01-20,929.094482421875,0.6597514579752772,4000,3716377.9296875,7.007095,0.62189585,1947820800.0,8.420999,3.068,9.912,375.0,228.34,,,
2022-01-21,907.3460693359376,-2.340818237263209,4400,3992322.705078125,7.007095,0.62189585,1947820800.0,8.420999,3.068,9.912,375.0,228.34,,,
2022-01-24,933.4442138671876,2.876316480915664,5300,4947254.333496094,7.007095,0.62189585,1947820800.0,8.420999,3.068,9.912,375.0,228.34,,,
2022-01-25,905.6061401367188,-2.982296458310852,5500,4980833.770751953,7.007095,0.62189585,1947820800.0,8.420999,3.068,9.912,375.0,228.34,,,
2022-01-26,900.3865356445312,-0.5763658461281573,4100,3691584.796142578,7.007095,0.62189585,1947820800.0,8.420999,3.068,9.912,375.0,228.34,,,
2022-01-27,882.98779296875,-1.9323637112505845,3700,3267054.833984375,7.007095,0.62189585,1947820800.0,8.420999,3.068,9.912,375.0,228.34,,,
2022-01-28,882.98779296875,0.0,4300,3796847.509765625,7.007095,0.62189585,1947820800.0,8.420999,3.068,9.912,375.0,228.34,,,
2022-01-31,944.75341796875,6.99507122203058,4600,4345865.72265625,7.007095,0.62189585,1947820800.0,8.420999,3.068,9.912,375.0,228.34,,,
2022-02-01,922.1350708007812,-2.39410059151719,2800,2581978.1982421875,7.007095,0.62189585,1947820800.0,8.420999,3.068,9.912,375.0,228.34,,,
2022-02-02,930.8344116210938,0.943391168579888,3600,3351003.881835937,7.007095,0.62189585,1947820800.0,8.420999,3.068,9.912,375.0,228.34,,,
2022-02-03,943.0135498046876,1.3084108227566782,2600,2451835.2294921875,7.007095,0.62189585,1947820800.0,8.420999,3.068,9.912,375.0,228.34,,,
2022-02-04,935.18408203125,-0.8302603684813503,1900,1776849.755859375,7.007095,0.62189585,1947820800.0,8.420999,3.068,9.912,375.0,228.34,,,
2022-02-07,1002.1693725585938,7.162791990839867,1700,1703687.9333496094,7.007095,0.62189585,1947820800.0,8.420999,3.068,9.912,375.0,228.34,,,
2022-02-08,967.371826171875,-3.4722220953409044,7800,7545500.244140625,7.007095,0.62189585,1947820800.0,8.420999,3.068,9.912,375.0,228.34,,,
2022-02-09,958.6724243164062,-0.8992821188409383,3100,2971884.5153808594,7.007095,0.62189585,1947820800.0,8.420999,3.068,9.912,375.0,228.34,,,
2022-02-10,958.6724243164062,0.0,200,191734.48486328125,7.007095,0.62189585,1947820800.0,8.420999,3.068,9.912,375.0,228.34,,,
2022-02-14,964.761962890625,0.6352053547968639,3500,3376666.8701171875,7.007095,0.62189585,1947820800.0,8.420999,3.068,9.912,375.0,228.34,,,
2022-02-15,931.7044067382812,-3.426498703710968,2700,2515601.8981933594,7.007095,0.62189585,1947820800.0,8.420999,3.068,9.912,375.0,228.34,,,
2022-02-16,943.0135498046876,1.2138123405466494,100,94301.35498046876,7.007095,0.62189585,1947820800.0,8.420999,3.068,9.912,375.0,228.34,,,
2022-02-17,924.744873046875,-1.937265563320512,1400,1294642.822265625,7.007095,0.62189585,1947820800.0,8.420999,3.068,9.912,375.0,228.34,,,
2022-02-18,915.1754760742188,-1.034814817748242,1900,1738833.4045410156,7.007095,0.62189585,1947820800.0,8.420999,3.068,9.912,375.0,228.34,,,
2022-02-21,909.0859375,-0.6653957337603433,2600,2363623.4375,7.007095,0.62189585,1947820800.0,8.420999,3.068,9.912,375.0,228.34,,,
2022-02-22,893.4270629882812,-1.7224856161322744,2800,2501595.7763671875,7.007095,0.62189585,1947820800.0,8.420999,3.068,9.912,375.0,228.34,,,
2022-02-24,892.55712890625,-0.097370464592994,3500,3123949.951171875,7.007095,0.62189585,1947820800.0,8.420999,3.068,9.912,375.0,228.34,,,
2022-02-25,891.6871948242188,-0.0974653670737346,2600,2318386.7065429688,7.007095,0.62189585,1947820800.0,8.420999,3.068,9.912,375.0,228.34,,,
2022-02-28,896.036865234375,0.4878022736452658,1000,896036.865234375,7.007095,0.62189585,1947820800.0,8.420999,3.068,9.912,375.0,228.34,,,
2022-03-01,898.6466674804688,0.2912605884146435,500,449323.3337402344,7.007095,0.62189585,1947820800.0,8.420999,3.068,9.912,375.0,228.34,,,
2022-03-02,914.3056030273438,1.742501932464502,2300,2102902.8869628906,7.007095,0.62189585,1947820800.0,8.420999,3.068,9.912,375.0,228.34,,,
2022-03-03,900.3865356445312,-1.522364878518223,5600,5042164.599609375,7.007095,0.62189585,1947820800.0,8.420999,3.068,9.912,375.0,228.34,,,
2022-03-04,896.9067993164062,-0.3864713864955904,1900,1704122.918701172,7.007095,0.62189585,1947820800.0,8.420999,3.068,9.912,375.0,228.34,,,
2022-03-07,883.8577270507812,-1.4548972396653204,3200,2828344.7265625,7.007095,0.62189585,1947820800.0,8.420999,3.068,9.912,375.0,228.34,,,
2022-03-08,878.6380615234375,-0.5905549465252236,3500,3075233.2153320312,7.007095,0.62189585,1947820800.0,8.420999,3.068,9.912,375.0,228.34,,,
2022-03-09,870.80859375,-0.8910913510692064,1200,1044970.3125,7.007095,0.62189585,1947820800.0,8.420999,3.068,9.912,375.0,228.34,,,
2022-03-10,879.5079956054688,0.9990027565077276,3400,2990327.1850585938,7.007095,0.62189585,1947820800.0,8.420999,3.068,9.912,375.0,228.34,,,
2022-03-11,874.2884521484375,-0.5934617403265396,800,699430.76171875,7.007095,0.62189585,1947820800.0,8.420999,3.068,9.912,375.0,228.34,,,
2022-03-14,885.5975952148438,1.293525384970562,1200,1062717.1142578125,7.007095,0.62189585,1947820800.0,8.420999,3.068,9.912,375.0,228.34,,,
2022-03-15,882.1178588867188,-0.3929252232534375,1400,1234965.0024414062,7.007095,0.62189585,1947820800.0,8.420999,3.068,9.912,375.0,228.34,,,
2022-03-16,889.9472045898438,0.8875623165600643,1100,978941.925048828,7.007095,0.62189585,1947820800.0,8.420999,3.068,9.912,375.0,228.34,,,
2022-03-17,911.69580078125,2.443807461750458,2100,1914561.181640625,7.007095,0.62189585,1947820800.0,8.420999,3.068,9.912,375.0,228.34,,,
2022-03-18,916.9154052734376,0.5725160177018074,1900,1742139.2700195312,7.007095,0.62189585,1947820800.0,8.420999,3.068,9.912,375.0,228.34,,,
2022-03-22,911.69580078125,-0.569256930592299,4400,4011461.5234375,7.007095,0.62189585,1947820800.0,8.420999,3.068,9.912,375.0,228.34,,,
2022-03-23,929.094482421875,1.9083867256727285,3800,3530559.033203125,7.007095,0.62189585,1947820800.0,8.420999,3.068,9.912,375.0,228.34,,,
2022-03-24,922.1350708007812,-0.7490531644265719,1000,922135.0708007812,7.007095,0.62189585,1947820800.0,8.420999,3.068,9.912,375.0,228.34,,,
2022-03-25,937.7939453125,1.6981107223392522,2300,2156926.07421875,7.007095,0.62189585,1947820800.0,8.420999,3.068,9.912,375.0,228.34,,,
2022-03-28,927.354736328125,-1.113166600888682,1800,1669238.525390625,7.007095,0.62189585,1947820800.0,8.420999,3.068,9.912,375.0,228.34,,,
2022-03-29,937.7939453125,1.12569748936735,1600,1500470.3125,7.007095,0.62189585,1947820800.0,8.420999,3.068,9.912,375.0,228.34,,,
2022-03-30,927.354736328125,-1.113166600888682,2700,2503857.788085937,7.007095,0.62189585,1947820800.0,8.420999,3.068,9.912,375.0,228.34,,,
2022-03-31,948.233154296875,2.251394978734722,5300,5025635.7177734375,7.007095,0.62189585,1947820800.0,8.420999,3.068,9.912,375.0,228.34,,,
2022-04-01,942.1436157226562,-0.6421984452478102,5800,5464432.971191406,7.007095,0.62189585,1947820800.0,8.420999,3.068,9.912,375.0,228.34,,,
2022-04-04,963.89208984375,2.308403279303861,7800,7518358.30078125,7.007095,0.62189585,1947820800.0,8.420999,3.068,9.912,375.0,228.34,,,
2022-04-05,1053.49560546875,9.296011095964584,63400,66791621.38671875,7.007095,0.62189585,1947820800.0,8.420999,3.068,9.912,375.0,228.34,,,
2022-04-06,1050.8858642578125,-0.2477220785155776,8300,8722352.673339844,7.007095,0.62189585,1947820800.0,8.420999,3.068,9.912,375.0,228.34,,,
2022-04-07,1035.2271728515625,-1.4900468203850936,3400,3519772.3876953125,7.007095,0.62189585,1947820800.0,8.420999,3.068,9.912,375.0,228.34,,,
2022-04-08,1009.9989013671876,-2.4369792588503025,4500,4544995.056152344,7.007095,0.62189585,1947820800.0,8.420999,3.068,9.912,375.0,228.34,,,
2022-04-11,1010.8687744140624,0.0861261379291988,5100,5155430.749511719,7.007095,0.62189585,1947820800.0,8.420999,3.068,9.912,375.0,228.34,,,
2022-04-12,1003.0392456054688,-0.7745346385965912,5200,5215804.0771484375,7.007095,0.62189585,1947820800.0,8.420999,3.068,9.912,375.0,228.34,,,
2022-04-13,1008.2589111328124,0.5203849749859879,3800,3831383.862304688,7.007095,0.62189585,1947820800.0,8.420999,3.068,9.912,375.0,228.34,,,
2022-04-14,981.2908935546876,-2.674711552792086,2400,2355098.14453125,7.007095,0.62189585,1947820800.0,8.420999,3.068,9.912,375.0,228.34,,,
2022-04-15,1001.2994384765624,2.0390024052291844,1000,1001299.4384765624,7.007095,0.62189585,1947820800.0,8.420999,3.068,9.912,375.0,228.34,,,
2022-04-18,992.6000366210938,-0.8688112188202757,1600,1588160.05859375,7.007095,0.62189585,1947820800.0,8.420999,3.068,9.912,375.0,228.34,,,
2022-04-19,982.160888671875,-1.0516973165500376,1300,1276809.1552734375,7.007095,0.62189585,1947820800.0,8.420999,3.068,9.912,375.0,228.34,,,
2022-04-20,970.8515014648438,-1.1514801024427257,2100,2038788.153076172,7.007095,0.62189585,1947820800.0,8.420999,3.068,9.912,375.0,228.34,,,
2022-04-21,981.2908935546876,1.0752820667313756,1100,1079419.9829101562,7.007095,0.62189585,1947820800.0,8.420999,3.068,9.912,375.0,228.34,,,
2022-04-22,967.371826171875,-1.418444568703903,700,677160.2783203125,7.007095,0.62189585,1947820800.0,8.420999,3.068,9.912,375.0,228.34,,,
2022-04-25,966.501953125,-0.0899212715670394,1300,1256452.5390625,7.007095,0.62189585,1947820800.0,8.420999,3.068,9.912,375.0,228.34,,,
2022-04-26,962.1522827148438,-0.4500425887492998,300,288645.6848144531,7.007095,0.62189585,1947820800.0,8.420999,3.068,9.912,375.0,228.34,,,
2022-04-27,963.89208984375,0.180824507737709,1700,1638616.552734375,7.007095,0.62189585,1947820800.0,8.420999,3.068,9.912,375.0,228.34,,,
2022-04-28,961.2822265625,-0.2707630147346762,800,769025.78125,7.007095,0.62189585,1947820800.0,8.420999,3.068,9.912,375.0,228.34,,,
2022-05-02,968.24169921875,0.7239780850975208,1700,1646010.888671875,7.007095,0.62189585,1947820800.0,8.420999,3.068,9.912,375.0,228.34,,,
2022-05-06,974.3312377929688,0.62892752699375,1500,1461496.8566894531,7.007095,0.62189585,1947820800.0,8.420999,3.068,9.912,375.0,228.34,,,
2022-05-09,983.900634765625,0.9821502792348724,2900,2853311.8408203125,7.007095,0.62189585,1947820800.0,8.420999,3.068,9.912,375.0,228.34,,,
2022-05-10,988.2503662109376,0.442090521300309,700,691775.2563476562,7.007095,0.62189585,1947820800.0,8.420999,3.068,9.912,375.0,228.34,,,
2022-05-11,974.3312377929688,-1.4084617515838893,200,194866.2475585937,7.007095,0.62189585,1947820800.0,8.420999,3.068,9.912,375.0,228.34,,,
2022-05-12,968.24169921875,-0.6249967503877407,800,774593.359375,7.007095,0.62189585,1947820800.0,8.420999,3.068,9.912,375.0,228.34,,,
2022-05-13,955.1925659179688,-1.3477144509795758,3700,3534212.4938964844,7.007095,0.62189585,1947820800.0,8.420999,3.068,9.912,375.0,228.34,,,
2022-05-16,949.9730834960938,-0.5464324794926423,1900,1804948.858642578,7.007095,0.62189585,1947820800.0,8.420999,3.068,9.912,375.0,228.34,,,
2022-05-17,955.1925659179688,0.5494347695269797,300,286557.7697753906,7.007095,0.62189585,1947820800.0,8.420999,3.068,9.912,375.0,228.34,,,
2022-05-18,956.9326782226562,0.1821739790254017,3700,3540650.909423828,7.007095,0.62189585,1947820800.0,8.420999,3.068,9.912,375.0,228.34,,,
2022-05-19,949.10302734375,-0.8182028952599341,1400,1328744.23828125,7.007095,0.62189585,1947820800.0,8.420999,3.068,9.912,375.0,228.34,,,
2022-05-20,976.9412231445312,2.933105785015977,1200,1172329.4677734375,7.007095,0.62189585,1947820800.0,8.420999,3.068,9.912,375.0,228.34,,,
2022-05-23,978.6810913085938,0.1780934331404582,1000,978681.0913085938,7.007095,0.62189585,1947820800.0,8.420999,3.068,9.912,375.0,228.34,,,
2022-05-24,980.4208984375,0.1777705878203805,2700,2647136.42578125,7.007095,0.62189585,1947820800.0,8.420999,3.068,9.912,375.0,228.34,,,
2022-05-25,989.9901123046876,0.9760312007259352,2500,2474975.2807617188,7.007095,0.62189585,1947820800.0,8.420999,3.068,9.912,375.0,228.34,,,
2022-05-26,983.900634765625,-0.6151048847231722,1700,1672631.0791015625,7.007095,0.62189585,1947820800.0,8.420999,3.068,9.912,375.0,228.34,,,
2022-05-27,996.9498291015624,1.3262715639009492,900,897254.8461914062,7.007095,0.62189585,1947820800.0,8.420999,3.068,9.912,375.0,228.34,,,
2022-05-30,994.3399047851562,-0.2617909387434558,400,397735.9619140625,7.007095,0.62189585,1947820800.0,8.420999,3.068,9.912,375.0,228.34,,,
2022-05-31,1011.7387084960938,1.749784316933023,900,910564.8376464844,7.007095,0.62189585,1947820800.0,8.420999,3.068,9.912,375.0,228.34,,,
2022-06-01,1016.9584350585938,0.5159164632792201,700,711870.9045410156,7.007095,0.62189585,1947820800.0,8.420999,3.068,9.912,375.0,228.34,,,
2022-06-02,1009.1287841796876,-0.7699086421811496,3000,3027386.3525390625,7.007095,0.62189585,1947820800.0,8.420999,3.068,9.912,375.0,228.34,,,
2022-06-03,1016.9584350585938,0.7758822264960941,1000,1016958.4350585938,7.007095,0.62189585,1947820800.0,8.420999,3.068,9.912,375.0,228.34,,,
2022-06-06,992.6000366210938,-2.395220649907537,600,595560.0219726562,7.007095,0.62189585,1947820800.0,8.420999,3.068,9.912,375.0,228.34,,,
2022-06-07,1004.7792358398438,1.2269996745324807,3700,3717683.172607422,7.007095,0.62189585,1947820800.0,8.420999,3.068,9.912,375.0,228.34,,,
2022-06-08,997.81982421875,-0.6926309156136901,2400,2394767.578125,7.007095,0.62189585,1947820800.0,8.420999,3.068,9.912,375.0,228.34,,,
2022-06-09,1021.3079833984376,2.353947938254053,4500,4595885.925292969,7.007095,0.62189585,1947820800.0,8.420999,3.068,9.912,375.0,228.34,,,
2022-06-10,1023.9179077148438,0.2555472353913846,2600,2662186.5600585938,7.007095,0.62189585,1947820800.0,8.420999,3.068,9.912,375.0,228.34,,,
2022-06-13,1015.2184448242188,-0.8496250358625224,1900,1928915.045166016,7.007095,0.62189585,1947820800.0,8.420999,3.068,9.912,375.0,228.34,,,
2022-06-14,1009.1287841796876,-0.5998374709972554,500,504564.39208984375,7.007095,0.62189585,1947820800.0,8.420999,3.068,9.912,375.0,228.34,,,
2022-06-15,999.5595703125,-0.9482648812724316,1000,999559.5703125,7.007095,0.62189585,1947820800.0,8.420999,3.068,9.912,375.0,228.34,,,
2022-06-16,1009.9989013671876,1.0443930871897766,2300,2322997.4731445312,7.007095,0.62189585,1947820800.0,8.420999,3.068,9.912,375.0,228.34,,,
2022-06-17,998.689697265625,-1.1197243963586234,6500,6491483.0322265625,7.007095,0.62189585,1947820800.0,8.420999,3.068,9.912,375.0,228.34,,,
2022-06-20,974.3312377929688,-2.43904183044531,4000,3897324.951171875,7.007095,0.62189585,1947820800.0,8.420999,3.068,9.912,375.0,228.34,,,
2022-06-21,974.3312377929688,0.0,0,0.0,7.007095,0.62189585,1947820800.0,8.420999,3.068,9.912,375.0,228.34,,,
2022-06-22,978.6810913085938,0.4464450432152933,700,685076.7639160156,7.007095,0.62189585,1947820800.0,8.420999,3.068,9.912,375.0,228.34,,,
2022-06-23,983.03076171875,0.4444420607268906,300,294909.228515625,7.007095,0.62189585,1947820800.0,8.420999,3.068,9.912,375.0,228.34,,,
2022-06-24,984.7706909179688,0.1769964142502189,800,787816.552734375,7.007095,0.62189585,1947820800.0,8.420999,3.068,9.912,375.0,228.34,,,
2022-06-27,1005.6491088867188,2.12012991057724,100,100564.91088867188,7.007095,0.62189585,1947820800.0,8.420999,3.068,9.912,375.0,228.34,,,
2022-06-28,998.689697265625,-0.6920317991230607,2100,2097248.3642578125,7.007095,0.62189585,1947820800.0,8.420999,3.068,9.912,375.0,228.34,,,
2022-06-29,1001.2994384765624,0.2613165248507965,800,801039.55078125,7.007095,0.62189585,1947820800.0,8.420999,3.068,9.912,375.0,228.34,,,
2022-06-30,1021.3079833984376,1.998257879013421,3500,3574577.9418945312,7.007095,0.62189585,1947820800.0,8.420999,3.068,9.912,375.0,228.34,,,
2022-07-01,1025.6578369140625,0.425910066927182,2900,2974407.727050781,7.007095,0.62189585,1947820800.0,8.420999,3.068,9.912,375.0,228.34,,,
2022-07-04,1056.9755859375,3.0534304810329704,15500,16383121.58203125,7.007095,0.62189585,1947820800.0,8.420999,3.068,9.912,375.0,228.34,,,
2022-07-05,1026.5277099609375,-2.880660289760273,21300,21865040.22216797,7.007095,0.62189585,1947820800.0,8.420999,3.068,9.912,375.0,228.34,,,
2022-07-06,1024.787841796875,-0.1694906184391942,4000,4099151.3671875,7.007095,0.62189585,1947820800.0,8.420999,3.068,9.912,375.0,228.34,,,
2022-07-07,1026.5277099609375,0.1697783768601191,1800,1847749.8779296875,7.007095,0.62189585,1947820800.0,8.420999,3.068,9.912,375.0,228.34,,,
2022-07-08,1030.0074462890625,0.3389812368783884,700,721005.2124023438,7.007095,0.62189585,1947820800.0,8.420999,3.068,9.912,375.0,228.34,,,
2022-07-11,1030.8773193359375,0.0844530833256529,1900,1958666.9067382808,7.007095,0.62189585,1947820800.0,8.420999,3.068,9.912,375.0,228.34,,,
2022-07-12,1031.7471923828125,0.0843818202766799,1000,1031747.1923828124,7.007095,0.62189585,1947820800.0,8.420999,3.068,9.912,375.0,228.34,,,
2022-07-13,1029.137451171875,-0.2529438635941794,1800,1852447.412109375,7.007095,0.62189585,1947820800.0,8.420999,3.068,9.912,375.0,228.34,,,
2022-07-14,1013.4785766601562,-1.521553267145026,1100,1114826.434326172,7.007095,0.62189585,1947820800.0,8.420999,3.068,9.912,375.0,228.34,,,
2022-07-15,1009.1287841796876,-0.4291943195092629,1100,1110041.6625976562,7.007095,0.62189585,1947820800.0,8.420999,3.068,9.912,375.0,228.34,,,
2022-07-19,1014.3484497070312,0.5172447371607491,200,202869.68994140625,7.007095,0.62189585,1947820800.0,8.420999,3.068,9.912,375.0,228.34,,,
2022-07-20,1019.5682373046876,0.5145951176012353,1500,1529352.3559570312,7.007095,0.62189585,1947820800.0,8.420999,3.068,9.912,375.0,228.34,,,
2022-07-21,1040.4466552734375,2.0477705370602672,900,936401.9897460938,7.007095,0.62189585,1947820800.0,8.420999,3.068,9.912,375.0,228.34,,,
2022-07-22,1032.6171875,-0.7525102544906348,3600,3717421.875,7.007095,0.62189585,1947820800.0,8.420999,3.068,9.912,375.0,228.34,,,
2022-07-25,1025.6578369140625,-0.673952619633067,1700,1743618.3227539062,7.007095,0.62189585,1947820800.0,8.420999,3.068,9.912,375.0,228.34,,,
2022-07-26,1026.5277099609375,0.0848112319301597,200,205305.5419921875,7.007095,0.62189585,1947820800.0,8.420999,3.068,9.912,375.0,228.34,,,
2022-07-27,1024.787841796875,-0.1694906184391942,300,307436.3525390625,7.007095,0.62189585,1947820800.0,8.420999,3.068,9.912,375.0,228.34,,,
2022-07-28,1024.787841796875,0.0,1600,1639660.546875,7.007095,0.62189585,1947820800.0,8.420999,3.068,9.912,375.0,228.34,,,
2022-07-29,1035.2271728515625,1.0186821729249784,700,724659.0209960938,7.007095,0.62189585,1947820800.0,8.420999,3.068,9.912,375.0,228.34,,,
2022-08-01,1035.2271728515625,0.0,900,931704.4555664062,7.007095,0.62189585,1947820800.0,8.420999,3.068,9.912,375.0,228.34,,,
2022-08-02,1039.5767822265625,0.4201598923470051,400,415830.712890625,7.007095,0.62189585,1947820800.0,8.420999,3.068,9.912,375.0,228.34,,,
2022-08-03,1041.3165283203125,0.1673513802437742,2300,2395028.0151367188,7.007095,0.62189585,1947820800.0,8.420999,3.068,9.912,375.0,228.34,,,
2022-08-04,1033.487060546875,-0.7518816383397575,200,206697.412109375,7.007095,0.62189585,1947820800.0,8.420999,3.068,9.912,375.0,228.34,,,
2022-08-05,1029.137451171875,-0.4208673278113806,2000,2058274.90234375,7.007095,0.62189585,1947820800.0,8.420999,3.068,9.912,375.0,228.34,,,
2022-08-08,1040.4466552734375,1.098901229246363,1300,1352580.6518554688,7.007095,0.62189585,1947820800.0,8.420999,3.068,9.912,375.0,228.34,,,
2022-08-09,1046.5362548828125,0.5852870571028568,3100,3244262.3901367188,7.007095,0.62189585,1947820800.0,8.420999,3.068,9.912,375.0,228.34,,,
2022-08-10,1050.0159912109375,0.3325003134759585,3000,3150047.9736328125,7.007095,0.62189585,1947820800.0,8.420999,3.068,9.912,375.0,228.34,,,
2022-08-12,1056.9755859375,0.6628084509966659,2500,2642438.96484375,7.007095,0.62189585,1947820800.0,8.420999,3.068,9.912,375.0,228.34,,,
2022-08-15,1049.1461181640625,-0.7407425372548238,2600,2727779.9072265625,7.007095,0.62189585,1947820800.0,8.420999,3.068,9.912,375.0,228.34,,,
2022-08-16,1061.3251953125,1.1608561417307817,1500,1591987.79296875,7.007095,0.62189585,1947820800.0,8.420999,3.068,9.912,375.0,228.34,,,
2022-08-17,1057.8455810546875,-0.3278556160902224,3700,3914028.649902344,7.007095,0.62189585,1947820800.0,8.420999,3.068,9.912,375.0,228.34,,,
2022-08-18,1059.5853271484375,0.1644612526542355,900,953626.7944335938,7.007095,0.62189585,1947820800.0,8.420999,3.068,9.912,375.0,228.34,,,
2022-08-19,1075.244384765625,1.4778477217431083,5100,5483746.362304688,7.007095,0.62189585,1947820800.0,8.420999,3.068,9.912,375.0,228.34,,,
2022-08-22,1075.244384765625,0.0,1000,1075244.384765625,7.007095,0.62189585,1947820800.0,8.420999,3.068,9.912,375.0,228.34,,,
2022-08-23,1095.2529296875,1.8608369599843355,5500,6023891.11328125,7.007095,0.62189585,1947820800.0,8.420999,3.068,9.912,375.0,228.34,,,
2022-08-24,1120.48095703125,2.303397385200157,11300,12661434.814453123,7.007095,0.62189585,1947820800.0,8.420999,3.068,9.912,375.0,228.34,,,
2022-08-25,1131.7901611328125,1.0093169393549095,2600,2942654.4189453125,7.007095,0.62189585,1947820800.0,8.420999,3.068,9.912,375.0,228.34,,,
2022-08-26,1133.530029296875,0.1537270974613314,1000,1133530.029296875,7.007095,0.62189585,1947820800.0,8.420999,3.068,9.912,375.0,228.34,,,
2022-08-29,1151.7987060546875,1.611662354383725,3200,3685755.859375,7.007095,0.62189585,1947820800.0,8.420999,3.068,9.912,375.0,228.34,,,
2022-08-30,1148.319091796875,-0.3021026364694701,1100,1263151.0009765625,7.007095,0.62189585,1947820800.0,8.420999,3.068,9.912,375.0,228.34,,,
2022-08-31,1132.6600341796875,-1.3636503763674646,2800,3171448.095703125,7.007095,0.62189585,1947820800.0,8.420999,3.068,9.912,375.0,228.34,,,
2022-09-01,1132.6600341796875,0.0,2000,2265320.068359375,7.007095,0.62189585,1947820800.0,8.420999,3.068,9.912,375.0,228.34,,,
2022-09-02,1103.9521484375,-2.53455448906863,2500,2759880.37109375,7.007095,0.62189585,1947820800.0,8.420999,3.068,9.912,375.0,228.34,,,
2022-09-05,1105.692138671875,0.1576146427032743,600,663415.283203125,7.007095,0.62189585,1947820800.0,8.420999,3.068,9.912,375.0,228.34,,,
2022-09-06,1105.692138671875,0.0,300,331707.6416015625,7.007095,0.62189585,1947820800.0,8.420999,3.068,9.912,375.0,228.34,,,
2022-09-07,1090.033203125,-1.416211167575454,2800,3052092.96875,7.007095,0.62189585,1947820800.0,8.420999,3.068,9.912,375.0,228.34,,,
2022-09-08,1103.9521484375,1.2769285625975346,1100,1214347.36328125,7.007095,0.62189585,1947820800.0,8.420999,3.068,9.912,375.0,228.34,,,
2022-09-09,1091.77294921875,-1.1032361534861868,1300,1419304.833984375,7.007095,0.62189585,1947820800.0,8.420999,3.068,9.912,375.0,228.34,,,
2022-09-12,1107.431884765625,1.4342666722124031,500,553715.9423828125,7.007095,0.62189585,1947820800.0,8.420999,3.068,9.912,375.0,228.34,,,
2022-09-13,1102.21240234375,-0.4713140820376216,1800,1983982.32421875,7.007095,0.62189585,1947820800.0,8.420999,3.068,9.912,375.0,228.34,,,
2022-09-14,1117.0013427734375,1.3417505009234445,1600,1787202.1484375,7.007095,0.62189585,1947820800.0,8.420999,3.068,9.912,375.0,228.34,,,
2022-09-15,1138.749755859375,1.9470355364065828,3600,4099499.12109375,7.007095,0.62189585,1947820800.0,8.420999,3.068,9.912,375.0,228.34,,,
2022-09-16,1143.0994873046875,0.3819743032155376,300,342929.84619140625,7.007095,0.62189585,1947820800.0,8.420999,3.068,9.912,375.0,228.34,,,
2022-09-20,1135.27001953125,-0.6849331891398691,1500,1702905.029296875,7.007095,0.62189585,1947820800.0,8.420999,3.068,9.912,375.0,228.34,,,
2022-09-21,1131.7901611328125,-0.3065225310780572,300,339537.0483398437,7.007095,0.62189585,1947820800.0,8.420999,3.068,9.912,375.0,228.34,,,
2022-09-22,1135.27001953125,0.3074649805185236,900,1021743.017578125,7.007095,0.62189585,1947820800.0,8.420999,3.068,9.912,375.0,228.34,,,
2022-09-26,1113.521484375,-1.915714744693941,4600,5122198.828125,7.007095,0.62189585,1947820800.0,8.420999,3.068,9.912,375.0,228.34,,,
2022-09-27,1129.180419921875,1.406253562827664,1300,1467934.5458984375,7.007095,0.62189585,1947820800.0,8.420999,3.068,9.912,375.0,228.34,,,
2022-09-28,1103.082275390625,-2.3112466414406674,1600,1764931.640625,7.007095,0.62189585,1947820800.0,8.420999,3.068,9.912,375.0,228.34,,,
2022-09-29,1096.1229248046875,-0.6309004088995152,1900,2082633.5571289065,7.007095,0.62189585,1947820800.0,8.420999,3.068,9.912,375.0,228.34,,,
2022-09-30,1118.7412109375,2.0634808031994023,3100,3468097.75390625,7.007095,0.62189585,1947820800.0,8.420999,3.068,9.912,375.0,228.34,,,
2022-10-03,1146.5792236328125,2.488333532648213,5400,6191527.807617188,7.007095,0.62189585,1947820800.0,8.420999,3.068,9.912,375.0,228.34,,,
2022-10-04,1170.0675048828125,2.048552840123863,18700,21880262.3413086,7.007095,0.62189585,1947820800.0,8.420999,3.068,9.912,375.0,228.34,,,
2022-10-05,1170.0675048828125,0.0,12800,14976864.0625,7.007095,0.62189585,1947820800.0,8.420999,3.068,9.912,375.0,228.34,,,
2022-10-06,1178.7669677734375,0.7435009394177072,3700,4361437.780761719,7.007095,0.62189585,1947820800.0,8.420999,3.068,9.912,375.0,228.34,,,
2022-10-07,1180.5068359375,0.1476006888239345,2500,2951267.08984375,7.007095,0.62189585,1947820800.0,8.420999,3.068,9.912,375.0,228.34,,,
2022-10-11,1172.67724609375,-0.663239687005468,2800,3283496.2890625,7.007095,0.62189585,1947820800.0,8.420999,3.068,9.912,375.0,228.34,,,
2022-10-12,1177.8970947265625,0.4451223599843956,2900,3415901.5747070312,7.007095,0.62189585,1947820800.0,8.420999,3.068,9.912,375.0,228.34,,,
2022-10-13,1159.6282958984375,-1.5509673052013009,1800,2087330.9326171875,7.007095,0.62189585,1947820800.0,8.420999,3.068,9.912,375.0,228.34,,,
2022-10-14,1157.0185546875,-0.2250498043354087,1800,2082633.3984375,7.007095,0.62189585,1947820800.0,8.420999,3.068,9.912,375.0,228.34,,,
2022-10-17,1157.0185546875,0.0,1200,1388422.265625,7.007095,0.62189585,1947820800.0,8.420999,3.068,9.912,375.0,228.34,,,
2022-10-18,1172.67724609375,1.3533656260576787,600,703606.34765625,7.007095,0.62189585,1947820800.0,8.420999,3.068,9.912,375.0,228.34,,,
2022-10-19,1173.54736328125,0.0741992044612782,800,938837.890625,7.007095,0.62189585,1947820800.0,8.420999,3.068,9.912,375.0,228.34,,,
2022-10-20,1177.027099609375,0.2965143493139921,1500,1765540.6494140625,7.007095,0.62189585,1947820800.0,8.420999,3.068,9.912,375.0,228.34,,,
2022-10-21,1196.165771484375,1.6260179465155566,13000,15550155.029296877,7.007095,0.62189585,1947820800.0,8.420999,3.068,9.912,375.0,228.34,,,
2022-10-24,1203.9951171875,0.6545368451238431,1000,1203995.1171875,7.007095,0.62189585,1947820800.0,8.420999,3.068,9.912,375.0,228.34,,,
2022-10-25,1197.9056396484375,-0.505772610879629,1000,1197905.6396484375,7.007095,0.62189585,1947820800.0,8.420999,3.068,9.912,375.0,228.34,,,
2022-10-26,1208.3448486328125,0.8714550327552306,2300,2779193.1518554688,7.007095,0.62189585,1947820800.0,8.420999,3.068,9.912,375.0,228.34,,,
2022-10-27,1201.3853759765625,-0.5759508690026949,1600,1922216.6015625,7.007095,0.62189585,1947820800.0,8.420999,3.068,9.912,375.0,228.34,,,
2022-10-28,1213.5645751953125,1.0137628992570311,5100,6189179.333496094,7.007095,0.62189585,1947820800.0,8.420999,3.068,9.912,375.0,228.34,,,
2022-10-31,1214.4344482421875,0.0716791726336429,7300,8865371.472167969,7.007095,0.62189585,1947820800.0,8.420999,3.068,9.912,375.0,228.34,,,
2022-11-01,1226.6136474609375,1.002870038508763,1300,1594597.7416992188,7.007095,0.62189585,1947820800.0,8.420999,3.068,9.912,375.0,228.34,,,
2022-11-02,1228.3533935546875,0.1418332575502612,3200,3930730.859375,7.007095,0.62189585,1947820800.0,8.420999,3.068,9.912,375.0,228.34,,,
2022-11-04,1245.752197265625,1.4164330722926444,2600,3238955.712890625,7.007095,0.62189585,1947820800.0,8.420999,3.068,9.912,375.0,228.34,,,
2022-11-07,1286.6392822265625,3.2821202363265245,7700,9907122.473144531,7.007095,0.62189585,1947820800.0,8.420999,3.068,9.912,375.0,228.34,,,
2022-11-08,1310.1275634765625,1.825552940475505,11600,15197479.736328123,7.007095,0.62189585,1947820800.0,8.420999,3.068,9.912,375.0,228.34,,,
2022-11-09,1301.4283447265625,-0.663997842081554,2400,3123428.02734375,7.007095,0.62189585,1947820800.0,8.420999,3.068,9.912,375.0,228.34,,,
2022-11-10,1297.07861328125,-0.3342275018780594,2700,3502112.255859375,7.007095,0.62189585,1947820800.0,8.420999,3.068,9.912,375.0,228.34,,,
2022-11-11,1284.0294189453125,-1.006044984654142,5500,7062161.804199219,7.007095,0.62189585,1947820800.0,8.420999,3.068,9.912,375.0,228.34,,,
2022-11-14,1270.1104736328125,-1.0840051720880983,2600,3302287.2314453125,7.007095,0.62189585,1947820800.0,8.420999,3.068,9.912,375.0,228.34,,,
2022-11-15,1271.8504638671875,0.1369951882530529,3300,4197106.530761719,7.007095,0.62189585,1947820800.0,8.420999,3.068,9.912,375.0,228.34,,,
2022-11-16,1272.7203369140625,0.0683942862457431,4400,5599969.482421875,7.007095,0.62189585,1947820800.0,8.420999,3.068,9.912,375.0,228.34,,,
2022-11-17,1270.9803466796875,-0.1367142634487894,3400,4321333.1787109375,7.007095,0.62189585,1947820800.0,8.420999,3.068,9.912,375.0,228.34,,,
2022-11-18,1266.6307373046875,-0.3422247548015122,2500,3166576.8432617188,7.007095,0.62189585,1947820800.0,8.420999,3.068,9.912,375.0,228.34,,,
2022-11-21,1309.2576904296875,3.3653812330267208,12000,15711092.28515625,7.007095,0.62189585,1947820800.0,8.420999,3.068,9.912,375.0,228.34,,,
2022-11-22,1304.9080810546875,-0.3322195016912554,4800,6263558.7890625,7.007095,0.62189585,1947820800.0,8.420999,3.068,9.912,375.0,228.34,,,
2022-11-24,1331.876220703125,2.0666696788819383,10200,13585137.451171877,7.007095,0.62189585,1947820800.0,8.420999,3.068,9.912,375.0,228.34,,,
2022-11-25,1337.0958251953125,0.3918986172327665,8500,11365314.514160156,7.007095,0.62189585,1947820800.0,8.420999,3.068,9.912,375.0,228.34,,,
2022-11-28,1366.673583984375,2.212089682109508,21200,28973479.98046875,7.007095,0.62189585,1947820800.0,8.420999,3.068,9.912,375.0,228.34,,,
2022-11-29,1346.0074462890625,-1.5121487630618269,29200,39303417.43164063,7.007095,0.62189585,1947820800.0,8.420999,3.068,9.912,375.0,228.34,,,
2022-11-30,1337.920654296875,-0.6007984587665383,4200,5619266.748046875,7.007095,0.62189585,1947820800.0,8.420999,3.068,9.912,375.0,228.34,,,
2022-12-01,1302.877685546875,-2.619211284126288,6500,8468704.956054688,7.007095,0.62189585,1947820800.0,8.420999,3.068,9.912,375.0,228.34,,,
2022-12-02,1286.7039794921875,-1.2413833035983537,5400,6948201.4892578125,7.007095,0.62189585,1947820800.0,8.420999,3.068,9.912,375.0,228.34,,,
2022-12-05,1232.7918701171875,-4.189938807547411,6100,7520030.407714844,7.007095,0.62189585,1947820800.0,8.420999,3.068,9.912,375.0,228.34,,,
2022-12-06,1247.1683349609375,1.1661712891068543,2300,2868487.170410156,7.007095,0.62189585,1947820800.0,8.420999,3.068,9.912,375.0,228.34,,,
2022-12-07,1293.892333984375,3.746406777149369,3800,4916790.869140625,7.007095,0.62189585,1947820800.0,8.420999,3.068,9.912,375.0,228.34,,,
2022-12-08,1293.892333984375,0.0,5400,6987018.603515625,7.007095,0.62189585,1947820800.0,8.420999,3.068,9.912,375.0,228.34,,,
2022-12-09,1307.370361328125,1.0416652908241677,5500,7190536.987304688,7.007095,0.62189585,1947820800.0,8.420999,3.068,9.912,375.0,228.34,,,
2022-12-12,1284.906982421875,-1.7182108123844908,5400,6938497.705078125,7.007095,0.62189585,1947820800.0,8.420999,3.068,9.912,375.0,228.34,,,
2022-12-13,1311.863037109375,2.097899307597473,1500,1967794.5556640625,7.007095,0.62189585,1947820800.0,8.420999,3.068,9.912,375.0,228.34,,,
2022-12-14,1302.877685546875,-0.684930614578394,1000,1302877.685546875,7.007095,0.62189585,1947820800.0,8.420999,3.068,9.912,375.0,228.34,,,
2022-12-15,1308.268798828125,0.4137850652486285,1000,1308268.798828125,7.007095,0.62189585,1947820800.0,8.420999,3.068,9.912,375.0,228.34,,,
2022-12-16,1297.486328125,-0.8241785413504732,800,1037989.0625,7.007095,0.62189585,1947820800.0,8.420999,3.068,9.912,375.0,228.34,,,
2022-12-19,1300.1820068359375,0.2077616274256177,700,910127.4047851562,7.007095,0.62189585,1947820800.0,8.420999,3.068,9.912,375.0,228.34,,,
2022-12-20,1311.863037109375,0.8984150074391462,4000,5247452.1484375,7.007095,0.62189585,1947820800.0,8.420999,3.068,9.912,375.0,228.34,,,
2022-12-21,1311.863037109375,0.0,3800,4985079.541015625,7.007095,0.62189585,1947820800.0,8.420999,3.068,9.912,375.0,228.34,,,
2022-12-22,1315.4571533203125,0.2739703848091412,10400,13680754.39453125,7.007095,0.62189585,1947820800.0,8.420999,3.068,9.912,375.0,228.34,,,
2022-12-23,1313.6600341796875,-0.136615558787978,6300,8276058.215332031,7.007095,0.62189585,1947820800.0,8.420999,3.068,9.912,375.0,228.34,,,
2022-12-26,1288.5009765625,-1.915187869203772,13200,17008212.890625,7.007095,0.62189585,1947820800.0,8.420999,3.068,9.912,375.0,228.34,,,
2022-12-27,1290.298095703125,0.1394736343482971,2100,2709626.0009765625,7.007095,0.62189585,1947820800.0,8.420999,3.068,9.912,375.0,228.34,,,
2022-12-28,1255.255126953125,-2.715881614233029,4200,5272071.533203125,7.007095,0.62189585,1947820800.0,8.420999,3.068,9.912,375.0,228.34,,,
2022-12-29,1257.95068359375,0.214741735185564,1500,1886926.025390625,7.007095,0.62189585,1947820800.0,8.420999,3.068,9.912,375.0,228.34,,,
2022-12-30,1274.12451171875,1.2857283147852838,900,1146712.060546875,7.007095,0.62189585,1947820800.0,8.420999,3.068,9.912,375.0,228.34,,,
2023-01-04,1275.9215087890625,0.1410377913449334,3200,4082948.828125,7.007095,0.62189585,1947820800.0,8.420999,3.068,9.912,375.0,228.34,,,
2023-01-05,1246.2698974609375,-2.323936944700178,1800,2243285.8154296875,7.007095,0.62189585,1947820800.0,8.420999,3.068,9.912,375.0,228.34,,,
2023-01-06,1266.9361572265625,1.6582491326901927,1600,2027097.8515625,7.007095,0.62189585,1947820800.0,8.420999,3.068,9.912,375.0,228.34,,,
2023-01-10,1266.9361572265625,0.0,1700,2153791.467285156,7.007095,0.62189585,1947820800.0,8.420999,3.068,9.912,375.0,228.34,,,
2023-01-11,1230.9947509765625,-2.836875879261269,2100,2585088.977050781,7.007095,0.62189585,1947820800.0,8.420999,3.068,9.912,375.0,228.34,,,
2023-01-12,1257.95068359375,2.1897682825863463,3300,4151237.255859375,7.007095,0.62189585,1947820800.0,8.420999,3.068,9.912,375.0,228.34,,,
2023-01-13,1252.5595703125,-0.4285631663912714,7000,8767916.9921875,7.007095,0.62189585,1947820800.0,8.420999,3.068,9.912,375.0,228.34,,,
2023-01-16,1060.27294921875,-15.351495102606306,18900,20039158.74023437,7.007095,0.62189585,1947820800.0,8.420999,3.068,9.912,375.0,228.34,,,
2023-01-17,1044.9976806640625,-1.440692094044549,7700,8046482.141113281,7.007095,0.62189585,1947820800.0,8.420999,3.068,9.912,375.0,228.34,,,
2023-01-18,1053.08447265625,0.7738574105780494,12400,13058247.4609375,7.007095,0.62189585,1947820800.0,8.420999,3.068,9.912,375.0,228.34,,,
2023-01-19,1059.374267578125,0.5972735412203001,4300,4555309.3505859375,7.007095,0.62189585,1947820800.0,8.420999,3.068,9.912,375.0,228.34,,,
2023-01-20,1107.895263671875,4.5801561901891,5300,5871844.8974609375,7.007095,0.62189585,1947820800.0,8.420999,3.068,9.912,375.0,228.34,,,
2023-01-23,1113.2864990234375,0.4866195865568024,3000,3339859.4970703125,7.007095,0.62189585,1947820800.0,8.420999,3.068,9.912,375.0,228.34,,,
2023-01-24,1119.5762939453125,0.5649754063659529,9300,10412059.533691406,7.007095,0.62189585,1947820800.0,8.420999,3.068,9.912,375.0,228.34,,,
2023-01-25,1208.53125,7.9454126115171775,7800,9426543.75,7.007095,0.62189585,1947820800.0,8.420999,3.068,9.912,375.0,228.34,,,
2023-01-26,1186.06787109375,-1.8587338065316872,6000,7116407.2265625,7.007095,0.62189585,1947820800.0,8.420999,3.068,9.912,375.0,228.34,,,
2023-01-27,1195.05322265625,0.757574821937812,1200,1434063.8671875,7.007095,0.62189585,1947820800.0,8.420999,3.068,9.912,375.0,228.34,,,
2023-01-30,1183.3721923828125,-0.9774485396955024,1500,1775058.2885742188,7.007095,0.62189585,1947820800.0,8.420999,3.068,9.912,375.0,228.34,,,
2023-01-31,1181.5751953125,-0.1518539206751268,3100,3662883.10546875,7.007095,0.62189585,1947820800.0,8.420999,3.068,9.912,375.0,228.34,,,
2023-02-01,1168.09716796875,-1.1406829964965004,400,467238.8671875,7.007095,0.62189585,1947820800.0,8.420999,3.068,9.912,375.0,228.34,,,
2023-02-02,1134.8514404296875,-2.8461440067417354,5600,6355168.06640625,7.007095,0.62189585,1947820800.0,8.420999,3.068,9.912,375.0,228.34,,,
2023-02-03,1118.677734375,-1.425182669598024,3700,4139107.6171875,7.007095,0.62189585,1947820800.0,8.420999,3.068,9.912,375.0,228.34,,,
2023-02-06,1123.17041015625,0.4016058998224325,1200,1347804.4921875,7.007095,0.62189585,1947820800.0,8.420999,3.068,9.912,375.0,228.34,,,
2023-02-07,1149.2279052734375,2.319994800571945,100,114922.79052734376,7.007095,0.62189585,1947820800.0,8.420999,3.068,9.912,375.0,228.34,,,
2023-02-08,1144.7352294921875,-0.3909299243983311,100,114473.52294921876,7.007095,0.62189585,1947820800.0,8.420999,3.068,9.912,375.0,228.34,,,
2023-02-09,1116.880615234375,-2.433280075617928,1400,1563632.861328125,7.007095,0.62189585,1947820800.0,8.420999,3.068,9.912,375.0,228.34,,,
2023-02-10,1115.9820556640625,-0.0804526068458932,1400,1562374.8779296875,7.007095,0.62189585,1947820800.0,8.420999,3.068,9.912,375.0,228.34,,,
2023-02-13,1114.1849365234375,-0.161034770362467,300,334255.48095703125,7.007095,0.62189585,1947820800.0,8.420999,3.068,9.912,375.0,228.34,,,
2023-02-14,1100.7069091796875,-1.2096759614974806,1200,1320848.291015625,7.007095,0.62189585,1947820800.0,8.420999,3.068,9.912,375.0,228.34,,,
2023-02-15,1093.5186767578125,-0.6530559917382606,4000,4374074.70703125,7.007095,0.62189585,1947820800.0,8.420999,3.068,9.912,375.0,228.34,,,
2023-02-16,1093.5186767578125,0.0,0,0.0,7.007095,0.62189585,1947820800.0,8.420999,3.068,9.912,375.0,228.34,,,
2023-02-17,1093.5186767578125,0.0,1100,1202870.5444335938,7.007095,0.62189585,1947820800.0,8.420999,3.068,9.912,375.0,228.34,,,
2023-02-20,1091.7215576171875,-0.1643427934814312,2300,2510959.5825195312,7.007095,0.62189585,1947820800.0,8.420999,3.068,9.912,375.0,228.34,,,
2023-02-21,1081.8377685546875,-0.9053397355340832,1600,1730940.4296875,7.007095,0.62189585,1947820800.0,8.420999,3.068,9.912,375.0,228.34,,,
2023-02-22,1078.2435302734375,-0.332234498158801,1100,1186067.8833007812,7.007095,0.62189585,1947820800.0,8.420999,3.068,9.912,375.0,228.34,,,
2023-02-24,1078.2435302734375,0.0,3300,3558203.649902344,7.007095,0.62189585,1947820800.0,8.420999,3.068,9.912,375.0,228.34,,,
2023-02-27,1068.3597412109375,-0.916656468135124,2500,2670899.353027344,7.007095,0.62189585,1947820800.0,8.420999,3.068,9.912,375.0,228.34,,,
2023-02-28,1082.736083984375,1.3456462480645914,2400,2598566.6015625,7.007095,0.62189585,1947820800.0,8.420999,3.068,9.912,375.0,228.34,,,
2023-03-01,1116.880615234375,3.1535414543820472,2600,2903889.599609375,7.007095,0.62189585,1947820800.0,8.420999,3.068,9.912,375.0,228.34,,,
2023-03-02,1113.2864990234375,-0.3217994978078509,2100,2337901.6479492188,7.007095,0.62189585,1947820800.0,8.420999,3.068,9.912,375.0,228.34,,,
2023-03-03,1105.1995849609375,-0.7264000838592577,900,994679.6264648438,7.007095,0.62189585,1947820800.0,8.420999,3.068,9.912,375.0,228.34,,,
2023-03-06,1105.1995849609375,0.0,600,663119.7509765625,7.007095,0.62189585,1947820800.0,8.420999,3.068,9.912,375.0,228.34,,,
2023-03-07,1096.2142333984375,-0.8130071423088303,600,657728.5400390625,7.007095,0.62189585,1947820800.0,8.420999,3.068,9.912,375.0,228.34,,,
2023-03-08,1114.1849365234375,1.6393422542314573,3100,3453973.303222656,7.007095,0.62189585,1947820800.0,8.420999,3.068,9.912,375.0,228.34,,,
2023-03-09,1113.2864990234375,-0.0806362992846976,600,667971.8994140625,7.007095,0.62189585,1947820800.0,8.420999,3.068,9.912,375.0,228.34,,,
2023-03-10,1128.5615234375,1.3720658992506962,1800,2031410.7421875,7.007095,0.62189585,1947820800.0,8.420999,3.068,9.912,375.0,228.34,,,
2023-03-13,1154.619140625,2.3089230534929728,1000,1154619.140625,7.007095,0.62189585,1947820800.0,8.420999,3.068,9.912,375.0,228.34,,,
2023-03-14,1165.401611328125,0.9338551842548172,1700,1981182.7392578125,7.007095,0.62189585,1947820800.0,8.420999,3.068,9.912,375.0,228.34,,,
2023-03-15,1154.619140625,-0.9252150158636674,1500,1731928.7109375,7.007095,0.62189585,1947820800.0,8.420999,3.068,9.912,375.0,228.34,,,
2023-03-16,1178.8795166015625,2.101158306056683,1200,1414655.419921875,7.007095,0.62189585,1947820800.0,8.420999,3.068,9.912,375.0,228.34,,,
2023-03-17,1187.864990234375,0.7622045769966057,1800,2138156.982421875,7.007095,0.62189585,1947820800.0,8.420999,3.068,9.912,375.0,228.34,,,
2023-03-20,1159.1116943359375,-2.420586189072227,1400,1622756.3720703125,7.007095,0.62189585,1947820800.0,8.420999,3.068,9.912,375.0,228.34,,,
2023-03-22,1150.12646484375,-0.7751823690585025,4800,5520607.03125,7.007095,0.62189585,1947820800.0,8.420999,3.068,9.912,375.0,228.34,,,
2023-03-23,1155.517578125,0.4687409120685215,400,462207.03125,7.007095,0.62189585,1947820800.0,8.420999,3.068,9.912,375.0,228.34,,,
2023-03-24,1156.416259765625,0.0777730826114542,100,115641.6259765625,7.007095,0.62189585,1947820800.0,8.420999,3.068,9.912,375.0,228.34,,,
2023-03-27,1160.0103759765625,0.3107977928004768,300,348003.11279296875,7.007095,0.62189585,1947820800.0,8.420999,3.068,9.912,375.0,228.34,,,
2023-03-28,1116.880615234375,-3.718049565365178,4000,4467522.4609375,7.007095,0.62189585,1947820800.0,8.420999,3.068,9.912,375.0,228.34,,,
2023-03-29,1165.401611328125,4.344331473921059,800,932321.2890625,7.007095,0.62189585,1947820800.0,8.420999,3.068,9.912,375.0,228.34,,,
2023-03-30,1125.865966796875,-3.3924480751484465,1900,2139145.3369140625,7.007095,0.62189585,1947820800.0,8.420999,3.068,9.912,375.0,228.34,,,
2023-03-31,1116.880615234375,-0.7980835932063557,300,335064.1845703125,7.007095,0.62189585,1947820800.0,8.420999,3.068,9.912,375.0,228.34,,,
2023-04-03,1146.5323486328125,2.654870448460156,4400,5044742.333984375,7.007095,0.62189585,1947820800.0,8.420999,3.068,9.912,375.0,228.34,,,
2023-04-04,1160.0103759765625,1.175547062394,2400,2784024.90234375,7.007095,0.62189585,1947820800.0,8.420999,3.068,9.912,375.0,228.34,,,
2023-04-05,1145.6337890625,-1.2393498551217297,1000,1145633.7890625,7.007095,0.62189585,1947820800.0,8.420999,3.068,9.912,375.0,228.34,,,
2023-04-06,1101.6055908203125,-3.843130209891665,3600,3965780.126953125,7.007095,0.62189585,1947820800.0,8.420999,3.068,9.912,375.0,228.34,,,
2023-04-07,1124.9674072265625,2.120706049508469,5100,5737333.776855469,7.007095,0.62189585,1947820800.0,8.420999,3.068,9.912,375.0,228.34,,,
2023-04-10,1089.0260009765625,-3.1948842267891187,1200,1306831.201171875,7.007095,0.62189585,1947820800.0,8.420999,3.068,9.912,375.0,228.34,,,
2023-04-11,1078.2435302734375,-0.990102228363332,1400,1509540.9423828125,7.007095,0.62189585,1947820800.0,8.420999,3.068,9.912,375.0,228.34,,,
2023-04-12,1083.634765625,0.500001641576775,300,325090.4296875,7.007095,0.62189585,1947820800.0,8.420999,3.068,9.912,375.0,228.34,,,
2023-04-13,1099.8084716796875,1.4925421892826751,600,659885.0830078125,7.007095,0.62189585,1947820800.0,8.420999,3.068,9.912,375.0,228.34,,,
2023-04-14,1105.1995849609375,0.4901865570299257,700,773639.7094726562,7.007095,0.62189585,1947820800.0,8.420999,3.068,9.912,375.0,228.34,,,
2023-04-17,1106.9967041015625,0.1626058464986313,400,442798.681640625,7.007095,0.62189585,1947820800.0,8.420999,3.068,9.912,375.0,228.34,,,
2023-04-18,1106.9967041015625,0.0,800,885597.36328125,7.007095,0.62189585,1947820800.0,8.420999,3.068,9.912,375.0,228.34,,,
2023-04-19,1103.402587890625,-0.3246727110948755,100,110340.2587890625,7.007095,0.62189585,1947820800.0,8.420999,3.068,9.912,375.0,228.34,,,
2023-04-20,1135.749755859375,2.931583478573141,300,340724.9267578125,7.007095,0.62189585,1947820800.0,8.420999,3.068,9.912,375.0,228.34,,,
2023-04-21,1083.634765625,-4.588597969360054,15600,16904702.34375,7.007095,0.62189585,1947820800.0,8.420999,3.068,9.912,375.0,228.34,,,
2023-04-24,1089.0260009765625,0.4975140630942176,800,871220.80078125,7.007095,0.62189585,1947820800.0,8.420999,3.068,9.912,375.0,228.34,,,
2023-04-25,1094.4171142578125,0.4950399050542176,600,656650.2685546875,7.007095,0.62189585,1947820800.0,8.420999,3.068,9.912,375.0,228.34,,,
2023-04-26,1094.4171142578125,0.0,300,328325.1342773437,7.007095,0.62189585,1947820800.0,8.420999,3.068,9.912,375.0,228.34,,,
2023-04-27,1092.6201171875,-0.1641967259924603,200,218524.0234375,7.007095,0.62189585,1947820800.0,8.420999,3.068,9.912,375.0,228.34,,,
2023-04-28,1087.2288818359375,-0.493422669668575,500,543614.4409179688,7.007095,0.62189585,1947820800.0,8.420999,3.068,9.912,375.0,228.34,,,
2023-05-01,1096.2142333984375,0.8264452602957828,200,219242.8466796875,7.007095,0.62189585,1947820800.0,8.420999,3.068,9.912,375.0,228.34,,,
2023-05-02,1098.909912109375,0.2459080195100549,500,549454.9560546875,7.007095,0.62189585,1947820800.0,8.420999,3.068,9.912,375.0,228.34,,,
2023-05-08,1094.4171142578125,-0.4088413255767698,2900,3173809.631347656,7.007095,0.62189585,1947820800.0,8.420999,3.068,9.912,375.0,228.34,,,
2023-05-09,1099.8084716796875,0.4926236397108319,500,549904.2358398438,7.007095,0.62189585,1947820800.0,8.420999,3.068,9.912,375.0,228.34,,,
2023-05-10,1098.909912109375,-0.0817014592495501,300,329672.9736328125,7.007095,0.62189585,1947820800.0,8.420999,3.068,9.912,375.0,228.34,,,
2023-05-11,1094.4171142578125,-0.4088413255767698,600,656650.2685546875,7.007095,0.62189585,1947820800.0,8.420999,3.068,9.912,375.0,228.34,,,
2023-05-12,1095.3157958984375,0.0821150938629555,600,657189.4775390625,7.007095,0.62189585,1947820800.0,8.420999,3.068,9.912,375.0,228.34,,,
2023-05-15,1088.1275634765625,-0.6562703148071392,3300,3590820.959472656,7.007095,0.62189585,1947820800.0,8.420999,3.068,9.912,375.0,228.34,,,
2023-05-16,1073.7508544921875,-1.3212337842487432,3900,4187628.3325195312,7.007095,0.62189585,1947820800.0,8.420999,3.068,9.912,375.0,228.34,,,
2023-05-17,1078.2435302734375,0.4184095186005487,600,646946.1181640625,7.007095,0.62189585,1947820800.0,8.420999,3.068,9.912,375.0,228.34,,,
2023-05-18,1081.8377685546875,0.3333419751972544,400,432735.107421875,7.007095,0.62189585,1947820800.0,8.420999,3.068,9.912,375.0,228.34,,,
2023-05-19,1082.736083984375,0.0830360573274902,1300,1407556.9091796875,7.007095,0.62189585,1947820800.0,8.420999,3.068,9.912,375.0,228.34,,,
2023-05-22,1091.7215576171875,0.8298858572946655,200,218344.3115234375,7.007095,0.62189585,1947820800.0,8.420999,3.068,9.912,375.0,228.34,,,
2023-05-23,1087.2288818359375,-0.4115221275886371,3300,3587855.3100585938,7.007095,0.62189585,1947820800.0,8.420999,3.068,9.912,375.0,228.34,,,
2023-05-24,1078.2435302734375,-0.8264452602957828,400,431297.412109375,7.007095,0.62189585,1947820800.0,8.420999,3.068,9.912,375.0,228.34,,,
2023-05-25,1069.2581787109375,-0.8333322955549116,1300,1390035.6323242188,7.007095,0.62189585,1947820800.0,8.420999,3.068,9.912,375.0,228.34,,,
2023-05-26,1068.3597412109375,-0.0840243748318259,2300,2457227.404785156,7.007095,0.62189585,1947820800.0,8.420999,3.068,9.912,375.0,228.34,,,
2023-05-29,1047.6932373046875,-1.9344143277830184,2300,2409694.445800781,7.007095,0.62189585,1947820800.0,8.420999,3.068,9.912,375.0,228.34,,,
2023-05-30,1060.27294921875,1.200705651820888,900,954245.654296875,7.007095,0.62189585,1947820800.0,8.420999,3.068,9.912,375.0,228.34,,,
2023-05-31,1067.4610595703125,0.6779490466920723,700,747222.7416992188,7.007095,0.62189585,1947820800.0,8.420999,3.068,9.912,375.0,228.34,,,
2023-06-01,1067.4610595703125,0.0,200,213492.2119140625,7.007095,0.62189585,1947820800.0,8.420999,3.068,9.912,375.0,228.34,,,
2023-06-02,1060.27294921875,-0.6733838473185982,2200,2332600.48828125,7.007095,0.62189585,1947820800.0,8.420999,3.068,9.912,375.0,228.34,,,
2023-06-05,1059.374267578125,-0.0847594613525903,600,635624.560546875,7.007095,0.62189585,1947820800.0,8.420999,3.068,9.912,375.0,228.34,,,
2023-06-06,1055.7801513671875,-0.33926784149233,1000,1055780.1513671875,7.007095,0.62189585,1947820800.0,8.420999,3.068,9.912,375.0,228.34,,,
2023-06-07,1057.5772705078125,0.1702171743139802,100,105757.72705078124,7.007095,0.62189585,1947820800.0,8.420999,3.068,9.912,375.0,228.34,,,
2023-06-08,1057.5772705078125,0.0,0,0.0,7.007095,0.62189585,1947820800.0,8.420999,3.068,9.912,375.0,228.34,,,
2023-06-09,1051.2874755859375,-0.5947362048406069,1100,1156416.2231445312,7.007095,0.62189585,1947820800.0,8.420999,3.068,9.912,375.0,228.34,,,
2023-06-12,1053.983154296875,0.2564168958100632,700,737788.2080078125,7.007095,0.62189585,1947820800.0,8.420999,3.068,9.912,375.0,228.34,,,
2023-06-13,1069.2581787109375,1.449266466146959,1100,1176183.9965820312,7.007095,0.62189585,1947820800.0,8.420999,3.068,9.912,375.0,228.34,,,
2023-06-14,1070.15673828125,0.0840357911870981,1200,1284188.0859375,7.007095,0.62189585,1947820800.0,8.420999,3.068,9.912,375.0,228.34,,,
2023-06-15,1070.15673828125,0.0,500,535078.369140625,7.007095,0.62189585,1947820800.0,8.420999,3.068,9.912,375.0,228.34,,,
2023-06-16,1078.2435302734375,0.7556642595341279,1800,1940838.3544921875,7.007095,0.62189585,1947820800.0,8.420999,3.068,9.912,375.0,228.34,,,
2023-06-19,1095.3157958984375,1.5833404185296107,3900,4271731.604003906,7.007095,0.62189585,1947820800.0,8.420999,3.068,9.912,375.0,228.34,,,
2023-06-20,1106.9967041015625,1.0664420477515035,2100,2324693.078613281,7.007095,0.62189585,1947820800.0,8.420999,3.068,9.912,375.0,228.34,,,
2023-06-21,1114.1849365234375,0.649345422189751,500,557092.4682617188,7.007095,0.62189585,1947820800.0,8.420999,3.068,9.912,375.0,228.34,,,
2023-06-22,1115.9820556640625,0.1612945106072238,400,446392.822265625,7.007095,0.62189585,1947820800.0,8.420999,3.068,9.912,375.0,228.34,,,
2023-06-23,1113.2864990234375,-0.2415412171677844,1800,2003915.6982421875,7.007095,0.62189585,1947820800.0,8.420999,3.068,9.912,375.0,228.34,,,
2023-06-26,1106.09814453125,-0.6456877451125997,600,663658.88671875,7.007095,0.62189585,1947820800.0,8.420999,3.068,9.912,375.0,228.34,,,
2023-06-27,1103.402587890625,-0.2436995897653671,1500,1655103.8818359375,7.007095,0.62189585,1947820800.0,8.420999,3.068,9.912,375.0,228.34,,,
2023-06-28,1099.8084716796875,-0.3257302683881136,1500,1649712.7075195312,7.007095,0.62189585,1947820800.0,8.420999,3.068,9.912,375.0,228.34,,,
2023-06-29,1093.5186767578125,-0.5718991155131636,1500,1640278.0151367188,7.007095,0.62189585,1947820800.0,8.420999,3.068,9.912,375.0,228.34,,,
2023-06-30,1105.1995849609375,1.0681946684036436,900,994679.6264648438,7.007095,0.62189585,1947820800.0,8.420999,3.068,9.912,375.0,228.34,,,
2023-07-03,1161.807373046875,5.12195162360094,6600,7667928.662109375,7.007095,0.62189585,1947820800.0,8.420999,3.068,9.912,375.0,228.34,,,
2023-07-04,1179.7781982421875,1.546799031597068,15100,17814650.79345703,7.007095,0.62189585,1947820800.0,8.420999,3.068,9.912,375.0,228.34,,,
2023-07-05,1177.9810791015625,-0.1523268647702247,5200,6125501.611328125,7.007095,0.62189585,1947820800.0,8.420999,3.068,9.912,375.0,228.34,,,
2023-07-06,1166.300048828125,-0.9916144223934832,1300,1516190.0634765625,7.007095,0.62189585,1947820800.0,8.420999,3.068,9.912,375.0,228.34,,,
2023-07-07,1149.2279052734375,-1.4637865763481028,1400,1608919.0673828125,7.007095,0.62189585,1947820800.0,8.420999,3.068,9.912,375.0,228.34,,,
2023-07-10,1160.908935546875,1.0164241766003943,1200,1393090.72265625,7.007095,0.62189585,1947820800.0,8.420999,3.068,9.912,375.0,228.34,,,
2023-07-11,1164.5030517578125,0.3095950165328265,2100,2445456.4086914062,7.007095,0.62189585,1947820800.0,8.420999,3.068,9.912,375.0,228.34,,,
2023-07-12,1160.908935546875,-0.3086394840710937,1800,2089636.083984375,7.007095,0.62189585,1947820800.0,8.420999,3.068,9.912,375.0,228.34,,,
2023-07-13,1177.08251953125,1.3931828319295292,1300,1530207.275390625,7.007095,0.62189585,1947820800.0,8.420999,3.068,9.912,375.0,228.34,,,
2023-07-14,1176.18408203125,-0.076327486398986,1700,1999512.939453125,7.007095,0.62189585,1947820800.0,8.420999,3.068,9.912,375.0,228.34,,,
2023-07-18,1175.285400390625,-0.0764065467603547,2100,2468099.3408203125,7.007095,0.62189585,1947820800.0,8.420999,3.068,9.912,375.0,228.34,,,
2023-07-19,1193.2562255859375,1.5290605319643769,3200,3818419.921875,7.007095,0.62189585,1947820800.0,8.420999,3.068,9.912,375.0,228.34,,,
2023-07-20,1190.5606689453125,-0.2258992312653918,2300,2738289.5385742188,7.007095,0.62189585,1947820800.0,8.420999,3.068,9.912,375.0,228.34,,,
2023-07-21,1204.0386962890625,1.1320739627397547,1200,1444846.435546875,7.007095,0.62189585,1947820800.0,8.420999,3.068,9.912,375.0,228.34,,,
2023-07-24,1204.0386962890625,0.0,1600,1926461.9140625,7.007095,0.62189585,1947820800.0,8.420999,3.068,9.912,375.0,228.34,,,
2023-07-25,1190.5606689453125,-1.1194015097098051,2300,2738289.5385742188,7.007095,0.62189585,1947820800.0,8.420999,3.068,9.912,375.0,228.34,,,
2023-07-26,1180.6767578125,-0.8301896233115502,1400,1652947.4609375,7.007095,0.62189585,1947820800.0,8.420999,3.068,9.912,375.0,228.34,,,
2023-07-27,1168.09716796875,-1.0654558718558027,1800,2102574.90234375,7.007095,0.62189585,1947820800.0,8.420999,3.068,9.912,375.0,228.34,,,
2023-07-28,1168.99560546875,0.0769146201734516,300,350698.681640625,7.007095,0.62189585,1947820800.0,8.420999,3.068,9.912,375.0,228.34,,,
2023-07-31,1185.1693115234375,1.383555761803068,600,711101.5869140625,7.007095,0.62189585,1947820800.0,8.420999,3.068,9.912,375.0,228.34,,,
2023-08-01,1196.8502197265625,0.9855898300395792,3700,4428345.812988281,7.007095,0.62189585,1947820800.0,8.420999,3.068,9.912,375.0,228.34,,,
2023-08-02,1199.5458984375,0.2252310829297776,2100,2519046.38671875,7.007095,0.62189585,1947820800.0,8.420999,3.068,9.912,375.0,228.34,,,
2023-08-03,1194.1546630859375,-0.4494396886842722,2700,3224217.5903320312,7.007095,0.62189585,1947820800.0,8.420999,3.068,9.912,375.0,228.34,,,
2023-08-04,1187.864990234375,-0.5267050446638777,1100,1306651.4892578125,7.007095,0.62189585,1947820800.0,8.420999,3.068,9.912,375.0,228.34,,,
2023-08-07,1187.864990234375,0.0,0,0.0,7.007095,0.62189585,1947820800.0,8.420999,3.068,9.912,375.0,228.34,,,
2023-08-08,1205.835693359375,1.5128573762792863,600,723501.416015625,7.007095,0.62189585,1947820800.0,8.420999,3.068,9.912,375.0,228.34,,,
2023-08-09,1202.24169921875,-0.2980500710351608,1100,1322465.869140625,7.007095,0.62189585,1947820800.0,8.420999,3.068,9.912,375.0,228.34,,,
2023-08-10,1197.7489013671875,-0.3737017152609212,300,359324.67041015625,7.007095,0.62189585,1947820800.0,8.420999,3.068,9.912,375.0,228.34,,,
2023-08-14,1208.53125,0.9002177852557303,600,725118.75,7.007095,0.62189585,1947820800.0,8.420999,3.068,9.912,375.0,228.34,,,
2023-08-15,1201.343017578125,-0.5947907778036332,1100,1321477.3193359375,7.007095,0.62189585,1947820800.0,8.420999,3.068,9.912,375.0,228.34,,,
2023-08-16,1185.1693115234375,-1.3463020817562343,1400,1659237.0361328125,7.007095,0.62189585,1947820800.0,8.420999,3.068,9.912,375.0,228.34,,,
2023-08-17,1177.08251953125,-0.6823322130905196,1300,1530207.275390625,7.007095,0.62189585,1947820800.0,8.420999,3.068,9.912,375.0,228.34,,,
2023-08-18,1159.1116943359375,-1.5267260278802763,500,579555.8471679688,7.007095,0.62189585,1947820800.0,8.420999,3.068,9.912,375.0,228.34,,,
2023-08-21,1168.09716796875,0.7752034317935363,2200,2569813.76953125,7.007095,0.62189585,1947820800.0,8.420999,3.068,9.912,375.0,228.34,,,
2023-08-22,1159.1116943359375,-0.7692402549385302,1300,1506845.2026367188,7.007095,0.62189585,1947820800.0,8.420999,3.068,9.912,375.0,228.34,,,
2023-08-23,1177.08251953125,1.5503963322195613,2100,2471873.291015625,7.007095,0.62189585,1947820800.0,8.420999,3.068,9.912,375.0,228.34,,,
2023-08-24,1150.12646484375,-2.29007348594682,700,805088.525390625,7.007095,0.62189585,1947820800.0,8.420999,3.068,9.912,375.0,228.34,,,
2023-08-25,1150.12646484375,0.0,0,0.0,7.007095,0.62189585,1947820800.0,8.420999,3.068,9.912,375.0,228.34,,,
2023-08-28,1194.1546630859375,3.8281180016294094,200,238830.9326171875,7.007095,0.62189585,1947820800.0,8.420999,3.068,9.912,375.0,228.34,,,
2023-08-29,1185.1693115234375,-0.7524445400799329,2200,2607372.4853515625,7.007095,0.62189585,1947820800.0,8.420999,3.068,9.912,375.0,228.34,,,
2023-08-30,1218.4151611328125,2.8051561313750417,2000,2436830.322265625,7.007095,0.62189585,1947820800.0,8.420999,3.068,9.912,375.0,228.34,,,
2023-08-31,1220.212158203125,0.1474864338229187,2400,2928509.1796875,7.007095,0.62189585,1947820800.0,8.420999,3.068,9.912,375.0,228.34,,,
2023-09-01,1214.821044921875,-0.4418176990785727,500,607410.5224609375,7.007095,0.62189585,1947820800.0,8.420999,3.068,9.912,375.0,228.34,,,
2023-09-04,1216.6180419921875,0.1479227807111405,1600,1946588.8671875,7.007095,0.62189585,1947820800.0,8.420999,3.068,9.912,375.0,228.34,,,
2023-09-05,1217.5167236328125,0.0738671965733406,200,243503.3447265625,7.007095,0.62189585,1947820800.0,8.420999,3.068,9.912,375.0,228.34,,,
2023-09-06,1213.0240478515625,-0.369003209076657,2900,3517769.7387695312,7.007095,0.62189585,1947820800.0,8.420999,3.068,9.912,375.0,228.34,,,
2023-09-07,1222.9078369140625,0.8148056982057117,3500,4280177.429199219,7.007095,0.62189585,1947820800.0,8.420999,3.068,9.912,375.0,228.34,,,
2023-09-08,1193.2562255859375,-2.424680784035949,12600,15035028.442382812,7.007095,0.62189585,1947820800.0,8.420999,3.068,9.912,375.0,228.34,,,
2023-09-11,1224.704833984375,2.635528541491161,29900,36618674.53613281,7.007095,0.62189585,1947820800.0,8.420999,3.068,9.912,375.0,228.34,,,
2023-09-12,1252.5595703125,2.274404048647716,14900,18663137.59765625,7.007095,0.62189585,1947820800.0,8.420999,3.068,9.912,375.0,228.34,,,
2023-09-13,1233.6903076171875,-1.5064563109445372,2500,3084225.7690429688,7.007095,0.62189585,1947820800.0,8.420999,3.068,9.912,375.0,228.34,,,
2023-09-14,1230.9947509765625,-0.2184954055310162,3800,4677780.0537109375,7.007095,0.62189585,1947820800.0,8.420999,3.068,9.912,375.0,228.34,,,
2023-09-15,1221.11083984375,-0.8029206562393143,800,976888.671875,7.007095,0.62189585,1947820800.0,8.420999,3.068,9.912,375.0,228.34,,,
2023-09-19,1248.06689453125,2.207502694100172,3100,3869007.373046875,7.007095,0.62189585,1947820800.0,8.420999,3.068,9.912,375.0,228.34,,,
2023-09-20,1275.9215087890625,2.2318206163359555,6800,8676266.259765625,7.007095,0.62189585,1947820800.0,8.420999,3.068,9.912,375.0,228.34,,,
2023-09-21,1272.327392578125,-0.2816878770504072,2300,2926353.0029296875,7.007095,0.62189585,1947820800.0,8.420999,3.068,9.912,375.0,228.34,,,
2023-09-22,1263.3421630859375,-0.7062042006327207,3900,4927034.436035156,7.007095,0.62189585,1947820800.0,8.420999,3.068,9.912,375.0,228.34,,,
2023-09-25,1301.9791259765625,3.0583134181358496,3400,4426729.0283203125,7.007095,0.62189585,1947820800.0,8.420999,3.068,9.912,375.0,228.34,,,
2023-09-26,1301.9791259765625,0.0,1100,1432177.0385742188,7.007095,0.62189585,1947820800.0,8.420999,3.068,9.912,375.0,228.34,,,
2023-09-27,1298.385009765625,-0.2760502176439861,500,649192.5048828125,7.007095,0.62189585,1947820800.0,8.420999,3.068,9.912,375.0,228.34,,,
2023-09-28,1335.2249755859375,2.837368387899253,10400,13886339.74609375,7.007095,0.62189585,1947820800.0,8.420999,3.068,9.912,375.0,228.34,,,
2023-09-29,1345.1087646484375,0.7402339862735641,2500,3362771.9116210938,7.007095,0.62189585,1947820800.0,8.420999,3.068,9.912,375.0,228.34,,,
2023-10-02,1378.3546142578125,2.471610510846989,15400,21226661.059570312,7.007095,0.62189585,1947820800.0,8.420999,3.068,9.912,375.0,228.34,,,
2023-10-03,1419.687255859375,2.998694325394524,15600,22147121.19140625,7.007095,0.62189585,1947820800.0,8.420999,3.068,9.912,375.0,228.34,,,
2023-10-04,1410.7020263671875,-0.6329020321273804,21800,30753304.174804688,7.007095,0.62189585,1947820800.0,8.420999,3.068,9.912,375.0,228.34,,,
2023-10-05,1258.849365234375,-10.764332814057164,47300,59543574.97558594,7.007095,0.62189585,1947820800.0,8.420999,3.068,9.912,375.0,228.34,,,
2023-10-06,1328.03662109375,5.496071076501963,15400,20451763.96484375,7.007095,0.62189585,1947820800.0,8.420999,3.068,9.912,375.0,228.34,,,
2023-10-10,1347.804443359375,1.4884997861990046,12900,17386677.319335938,7.007095,0.62189585,1947820800.0,8.420999,3.068,9.912,375.0,228.34,,,
2023-10-11,1345.1087646484375,-0.2000051805897462,3500,4707880.676269531,7.007095,0.62189585,1947820800.0,8.420999,3.068,9.912,375.0,228.34,,,
2023-10-12,1356.789794921875,0.8684078626526981,2500,3391974.4873046875,7.007095,0.62189585,1947820800.0,8.420999,3.068,9.912,375.0,228.34,,,
2023-10-13,1359.4854736328125,0.1986806446383049,4800,6525530.2734375,7.007095,0.62189585,1947820800.0,8.420999,3.068,9.912,375.0,228.34,,,
2023-10-16,1334.326416015625,-1.8506308530062847,2500,3335816.0400390625,7.007095,0.62189585,1947820800.0,8.420999,3.068,9.912,375.0,228.34,,,
2023-10-17,1346.0074462890625,0.8754252432712661,2000,2692014.892578125,7.007095,0.62189585,1947820800.0,8.420999,3.068,9.912,375.0,228.34,,,
2023-10-18,1360.3839111328125,1.0680821182220024,2000,2720767.822265625,7.007095,0.62189585,1947820800.0,8.420999,3.068,9.912,375.0,228.34,,,
2023-10-19,1340.6160888671875,-1.4531061492166653,1400,1876862.5244140625,7.007095,0.62189585,1947820800.0,8.420999,3.068,9.912,375.0,228.34,,,
2023-10-20,1358.5867919921875,1.3404809381472704,6900,9374248.864746094,7.007095,0.62189585,1947820800.0,8.420999,3.068,9.912,375.0,228.34,,,
2023-10-23,1349.6014404296875,-0.6613748650775686,5700,7692728.210449219,7.007095,0.62189585,1947820800.0,8.420999,3.068,9.912,375.0,228.34,,,
2023-10-24,1321.7469482421875,-2.0639050428570727,5500,7269608.215332031,7.007095,0.62189585,1947820800.0,8.420999,3.068,9.912,375.0,228.34,,,
2023-10-25,1338.8189697265625,1.2916255647179131,3900,5221393.981933594,7.007095,0.62189585,1947820800.0,8.420999,3.068,9.912,375.0,228.34,,,
2023-10-26,1338.8189697265625,0.0,1200,1606582.763671875,7.007095,0.62189585,1947820800.0,8.420999,3.068,9.912,375.0,228.34,,,
2023-10-27,1350.5,0.8724876579708996,1100,1485550.0,7.007095,0.62189585,1947820800.0,8.420999,3.068,9.912,375.0,228.34,,,
2023-10-30,1366.673583984375,1.197599702656427,11300,15443411.499023438,7.007095,0.62189585,1947820800.0,8.420999,3.068,9.912,375.0,228.34,,,
2023-10-31,1410.7020263671875,3.221577039226342,13800,19467687.963867188,7.007095,0.62189585,1947820800.0,8.420999,3.068,9.912,375.0,228.34,,,
2023-11-01,1382.847412109375,-1.9745214607469697,18700,25859246.606445312,7.007095,0.62189585,1947820800.0,8.420999,3.068,9.912,375.0,228.34,,,
2023-11-02,1361.282470703125,-1.5594592156306764,12400,16879902.63671875,7.007095,0.62189585,1947820800.0,8.420999,3.068,9.912,375.0,228.34,,,
2023-11-06,1372.9635009765625,0.8580901117021034,7700,10571818.957519531,7.007095,0.62189585,1947820800.0,8.420999,3.068,9.912,375.0,228.34,,,
2023-11-07,1374.760498046875,0.1308845478437126,7000,9623323.486328123,7.007095,0.62189585,1947820800.0,8.420999,3.068,9.912,375.0,228.34,,,
2023-11-08,1373.8619384765625,-0.0653611717523983,4200,5770220.1416015625,7.007095,0.62189585,1947820800.0,8.420999,3.068,9.912,375.0,228.34,,,
2023-11-09,1370.267822265625,-0.2616067968898572,2900,3973776.684570313,7.007095,0.62189585,1947820800.0,8.420999,3.068,9.912,375.0,228.34,,,
2023-11-10,1377.4560546875,0.5245859462706948,2500,3443640.13671875,7.007095,0.62189585,1947820800.0,8.420999,3.068,9.912,375.0,228.34,,,
2023-11-13,1387.340087890625,0.7175570624913696,4700,6520498.4130859375,7.007095,0.62189585,1947820800.0,8.420999,3.068,9.912,375.0,228.34,,,
2023-11-14,1408.9049072265625,1.554400361105812,6100,8594319.934082031,7.007095,0.62189585,1947820800.0,8.420999,3.068,9.912,375.0,228.34,,,
2023-11-15,1409.803466796875,0.063777162369405,12700,17904504.028320312,7.007095,0.62189585,1947820800.0,8.420999,3.068,9.912,375.0,228.34,,,
2023-11-16,1428.6727294921875,1.3384321389267262,7500,10715045.471191406,7.007095,0.62189585,1947820800.0,8.420999,3.068,9.912,375.0,228.34,,,
2023-11-17,1432.266845703125,0.2515702957538002,13700,19622055.78613281,7.007095,0.62189585,1947820800.0,8.420999,3.068,9.912,375.0,228.34,,,
2023-11-20,1536.4970703125,7.277290884870458,30500,46863160.64453125,7.007095,0.62189585,1947820800.0,8.420999,3.068,9.912,375.0,228.34,,,
2023-11-21,1514.9322509765625,-1.4035053989104984,19200,29086699.21875,7.007095,0.62189585,1947820800.0,8.420999,3.068,9.912,375.0,228.34,,,
2023-11-22,1451.1361083984375,-4.211154824712482,18800,27281358.837890625,7.007095,0.62189585,1947820800.0,8.420999,3.068,9.912,375.0,228.34,,,
2023-11-24,1462.8170166015625,0.8049491798544528,13800,20186874.82910156,7.007095,0.62189585,1947820800.0,8.420999,3.068,9.912,375.0,228.34,,,
2023-11-27,1488.87451171875,1.7813229420672538,14600,21737567.87109375,7.007095,0.62189585,1947820800.0,8.420999,3.068,9.912,375.0,228.34,,,
2023-11-28,1487.9761962890625,-0.0603352010271507,28500,42407321.59423828,7.007095,0.62189585,1947820800.0,8.420999,3.068,9.912,375.0,228.34,,,
2023-11-29,1369.3826904296875,-7.970121172310495,60700,83121529.30908203,7.007095,0.62189585,1947820800.0,8.420999,3.068,9.912,375.0,228.34,,,
2023-11-30,1324.91015625,-3.247633732374166,16900,22390981.640625,7.007095,0.62189585,1947820800.0,8.420999,3.068,9.912,375.0,228.34,,,
2023-12-01,1287.8497314453125,-2.79720286163272,12600,16226906.616210938,7.007095,0.62189585,1947820800.0,8.420999,3.068,9.912,375.0,228.34,,,
2023-12-04,1283.2171630859375,-0.3597134235665877,11700,15013640.808105469,7.007095,0.62189585,1947820800.0,8.420999,3.068,9.912,375.0,228.34,,,
2023-12-05,1273.9521484375,-0.7220145517814469,3900,4968413.37890625,7.007095,0.62189585,1947820800.0,8.420999,3.068,9.912,375.0,228.34,,,
2023-12-06,1253.56884765625,-1.6000052126172948,8000,10028550.78125,7.007095,0.62189585,1947820800.0,8.420999,3.068,9.912,375.0,228.34,,,
2023-12-07,1235.9652099609375,-1.4042816817142034,7000,8651756.469726562,7.007095,0.62189585,1947820800.0,8.420999,3.068,9.912,375.0,228.34,,,
2023-12-08,1225.7735595703125,-0.8245903936848764,4500,5515981.018066406,7.007095,0.62189585,1947820800.0,8.420999,3.068,9.912,375.0,228.34,,,
2023-12-11,1221.1409912109375,-0.3779301913641286,2900,3541308.8745117188,7.007095,0.62189585,1947820800.0,8.420999,3.068,9.912,375.0,228.34,,,
2023-12-12,1219.2879638671875,-0.1517455688644475,4900,5974511.022949219,7.007095,0.62189585,1947820800.0,8.420999,3.068,9.912,375.0,228.34,,,
2023-12-13,1222.0675048828125,0.2279642789886349,3300,4032822.766113281,7.007095,0.62189585,1947820800.0,8.420999,3.068,9.912,375.0,228.34,,,
2023-12-14,1181.301025390625,-3.335861507592963,8300,9804798.510742188,7.007095,0.62189585,1947820800.0,8.420999,3.068,9.912,375.0,228.34,,,
2023-12-15,1160.9178466796875,-1.7254855682697243,10400,12073545.60546875,7.007095,0.62189585,1947820800.0,8.420999,3.068,9.912,375.0,228.34,,,
2023-12-18,1159.9912109375,-0.0798192348268056,4800,5567957.8125,7.007095,0.62189585,1947820800.0,8.420999,3.068,9.912,375.0,228.34,,,
2023-12-19,1159.9912109375,0.0,4300,4987962.20703125,7.007095,0.62189585,1947820800.0,8.420999,3.068,9.912,375.0,228.34,,,
2023-12-20,1122.00439453125,-3.274750364319501,41900,47011984.130859375,7.007095,0.62189585,1947820800.0,8.420999,3.068,9.912,375.0,228.34,,,
2023-12-21,1158.1383056640625,3.2204785746769327,4900,5674877.697753906,7.007095,0.62189585,1947820800.0,8.420999,3.068,9.912,375.0,228.34,,,
2023-12-22,1180.37451171875,1.919995733319401,3000,3541123.53515625,7.007095,0.62189585,1947820800.0,8.420999,3.068,9.912,375.0,228.34,,,
2023-12-25,1163.6973876953125,-1.41286717544874,4500,5236638.244628906,7.007095,0.62189585,1947820800.0,8.420999,3.068,9.912,375.0,228.34,,,
2023-12-26,1139.6080322265625,-2.070070425822524,3900,4444471.325683594,7.007095,0.62189585,1947820800.0,8.420999,3.068,9.912,375.0,228.34,,,
2023-12-27,1131.2694091796875,-0.7317097467787304,4900,5543220.104980469,7.007095,0.62189585,1947820800.0,8.420999,3.068,9.912,375.0,228.34,,,
2023-12-28,1157.211669921875,2.2931991735725354,8000,9257693.359375,7.007095,0.62189585,1947820800.0,8.420999,3.068,9.912,375.0,228.34,,,
2023-12-29,1177.594970703125,1.7614150730631772,2100,2472949.4384765625,7.007095,0.62189585,1947820800.0,8.420999,3.068,9.912,375.0,228.34,,,
2024-01-04,1217.4349365234375,3.383163720249649,3200,3895791.796875,7.007095,0.62189585,1947820800.0,8.420999,3.068,9.912,375.0,228.34,,,
2024-01-05,1204.4638671875,-1.0654425092299635,3900,4697409.08203125,7.007095,0.62189585,1947820800.0,8.420999,3.068,9.912,375.0,228.34,,,
2024-01-09,1227.6265869140625,1.923073025067068,2300,2823541.149902344,7.007095,0.62189585,1947820800.0,8.420999,3.068,9.912,375.0,228.34,,,
2024-01-10,1224.8470458984375,-0.2264158372956126,2300,2817148.2055664062,7.007095,0.62189585,1947820800.0,8.420999,3.068,9.912,375.0,228.34,,,
2024-01-11,1218.3614501953125,-0.5295024978704821,2700,3289575.915527344,7.007095,0.62189585,1947820800.0,8.420999,3.068,9.912,375.0,228.34,,,
2024-01-12,1205.3902587890625,-1.0646423033304764,4300,5183178.112792969,7.007095,0.62189585,1947820800.0,8.420999,3.068,9.912,375.0,228.34,,,
2024-01-15,1212.8023681640625,0.6149136614432393,1200,1455362.841796875,7.007095,0.62189585,1947820800.0,8.420999,3.068,9.912,375.0,228.34,,,
2024-01-16,1214.6553955078125,0.1527888955688006,12300,14940261.364746094,7.007095,0.62189585,1947820800.0,8.420999,3.068,9.912,375.0,228.34,,,
2024-01-17,1231.33251953125,1.3729922153324248,2500,3078331.298828125,7.007095,0.62189585,1947820800.0,8.420999,3.068,9.912,375.0,228.34,,,
2024-01-18,1211.8758544921875,-1.580130852588002,2000,2423751.708984375,7.007095,0.62189585,1947820800.0,8.420999,3.068,9.912,375.0,228.34,,,
2024-01-19,1218.3614501953125,0.535169974637606,1400,1705706.0302734375,7.007095,0.62189585,1947820800.0,8.420999,3.068,9.912,375.0,228.34,,,
2024-01-22,1202.6107177734375,-1.2927799397584372,2300,2766004.6508789062,7.007095,0.62189585,1947820800.0,8.420999,3.068,9.912,375.0,228.34,,,
2024-01-23,1215.5819091796875,1.0785860473840891,2000,2431163.818359375,7.007095,0.62189585,1947820800.0,8.420999,3.068,9.912,375.0,228.34,,,
2024-01-24,1222.9940185546875,0.6097581182334277,1800,2201389.233398437,7.007095,0.62189585,1947820800.0,8.420999,3.068,9.912,375.0,228.34,,,
2024-01-25,1227.6265869140625,0.3787891264463994,1600,1964202.5390625,7.007095,0.62189585,1947820800.0,8.420999,3.068,9.912,375.0,228.34,,,
2024-01-26,1227.6265869140625,0.0,1200,1473151.904296875,7.007095,0.62189585,1947820800.0,8.420999,3.068,9.912,375.0,228.34,,,
2024-01-29,1224.8470458984375,-0.2264158372956126,1800,2204724.6826171875,7.007095,0.62189585,1947820800.0,8.420999,3.068,9.912,375.0,228.34,,,
2024-01-30,1224.8470458984375,0.0,1500,1837270.568847656,7.007095,0.62189585,1947820800.0,8.420999,3.068,9.912,375.0,228.34,,,
2024-01-31,1224.8470458984375,0.0,2300,2817148.2055664062,7.007095,0.62189585,1947820800.0,8.420999,3.068,9.912,375.0,228.34,,,
2024-02-01,1222.0675048828125,-0.2269296419444955,1400,1710894.5068359375,7.007095,0.62189585,1947820800.0,8.420999,3.068,9.912,375.0,228.34,,,
2024-02-02,1229.4796142578125,0.606522090259709,500,614739.8071289062,7.007095,0.62189585,1947820800.0,8.420999,3.068,9.912,375.0,228.34,,,
2024-02-05,1231.33251953125,0.1507064657233936,1600,1970132.03125,7.007095,0.62189585,1947820800.0,8.420999,3.068,9.912,375.0,228.34,,,
2024-02-06,1229.4796142578125,-0.1504796831113375,300,368843.88427734375,7.007095,0.62189585,1947820800.0,8.420999,3.068,9.912,375.0,228.34,,,
2024-02-07,1225.7735595703125,-0.3014327886792345,200,245154.7119140625,7.007095,0.62189585,1947820800.0,8.420999,3.068,9.912,375.0,228.34,,,
2024-02-08,1228.552978515625,0.2267481561836648,3700,4545646.0205078125,7.007095,0.62189585,1947820800.0,8.420999,3.068,9.912,375.0,228.34,,,
2024-02-09,1240.59765625,0.980395468897699,1200,1488717.1875,7.007095,0.62189585,1947820800.0,8.420999,3.068,9.912,375.0,228.34,,,
2024-02-13,1234.112060546875,-0.5227799416233969,3400,4195981.005859375,7.007095,0.62189585,1947820800.0,8.420999,3.068,9.912,375.0,228.34,,,
2024-02-14,1236.8916015625,0.2252259826707625,500,618445.80078125,7.007095,0.62189585,1947820800.0,8.420999,3.068,9.912,375.0,228.34,,,
2024-02-15,1235.0386962890625,-0.1498033676594512,1500,1852558.0444335933,7.007095,0.62189585,1947820800.0,8.420999,3.068,9.912,375.0,228.34,,,
2024-02-16,1234.112060546875,-0.075028883303152,2600,3208691.357421875,7.007095,0.62189585,1947820800.0,8.420999,3.068,9.912,375.0,228.34,,,
2024-02-19,1235.0386962890625,0.0750852189044248,2100,2593581.2622070312,7.007095,0.62189585,1947820800.0,8.420999,3.068,9.912,375.0,228.34,,,
2024-02-20,1244.3037109375,0.7501801098440231,3700,4603923.73046875,7.007095,0.62189585,1947820800.0,8.420999,3.068,9.912,375.0,228.34,,,
2024-02-21,1235.9652099609375,-0.6701338992455508,1000,1235965.2099609375,7.007095,0.62189585,1947820800.0,8.420999,3.068,9.912,375.0,228.34,,,
2024-02-22,1235.9652099609375,0.0,5000,6179826.049804688,7.007095,0.62189585,1947820800.0,8.420999,3.068,9.912,375.0,228.34,,,
2024-02-26,1233.1856689453125,-0.2248882891867865,1300,1603141.3696289062,7.007095,0.62189585,1947820800.0,8.420999,3.068,9.912,375.0,228.34,,,
2024-02-27,1230.4061279296875,-0.2253951765432194,1700,2091690.4174804688,7.007095,0.62189585,1947820800.0,8.420999,3.068,9.912,375.0,228.34,,,
2024-02-28,1244.3037109375,1.129511849164544,700,871012.59765625,7.007095,0.62189585,1947820800.0,8.420999,3.068,9.912,375.0,228.34,,,
2024-02-29,1246.15673828125,0.1489208243503403,1800,2243082.12890625,7.007095,0.62189585,1947820800.0,8.420999,3.068,9.912,375.0,228.34,,,
2024-03-01,1241.5242919921875,-0.3717386542764878,1000,1241524.2919921875,7.007095,0.62189585,1947820800.0,8.420999,3.068,9.912,375.0,228.34,,,
2024-03-04,1249.86279296875,0.6716341379984003,1800,2249753.02734375,7.007095,0.62189585,1947820800.0,8.420999,3.068,9.912,375.0,228.34,,,
2024-03-05,1249.86279296875,0.0,400,499945.1171875,7.007095,0.62189585,1947820800.0,8.420999,3.068,9.912,375.0,228.34,,,
2024-03-06,1249.86279296875,0.0,900,1124876.513671875,7.007095,0.62189585,1947820800.0,8.420999,3.068,9.912,375.0,228.34,,,
2024-03-07,1245.2303466796875,-0.3706363862595818,1600,1992368.5546875,7.007095,0.62189585,1947820800.0,8.420999,3.068,9.912,375.0,228.34,,,
2024-03-08,1241.5242919921875,-0.2976200104166993,2100,2607201.0131835938,7.007095,0.62189585,1947820800.0,8.420999,3.068,9.912,375.0,228.34,,,
2024-03-11,1236.8916015625,-0.3731453713445853,2300,2844850.68359375,7.007095,0.62189585,1947820800.0,8.420999,3.068,9.912,375.0,228.34,,,
2024-03-12,1228.552978515625,-0.6741595655060828,2100,2579961.2548828125,7.007095,0.62189585,1947820800.0,8.420999,3.068,9.912,375.0,228.34,,,
2024-03-13,1227.6265869140625,-0.0754050999641653,800,982101.26953125,7.007095,0.62189585,1947820800.0,8.420999,3.068,9.912,375.0,228.34,,,
2024-03-14,1221.1409912109375,-0.5283036203564295,1600,1953825.5859375,7.007095,0.62189585,1947820800.0,8.420999,3.068,9.912,375.0,228.34,,,
2024-03-15,1229.4796142578125,0.6828550598900085,100,122947.96142578124,7.007095,0.62189585,1947820800.0,8.420999,3.068,9.912,375.0,228.34,,,
2024-03-18,1240.59765625,0.9042884374214744,4400,5458629.6875,7.007095,0.62189585,1947820800.0,8.420999,3.068,9.912,375.0,228.34,,,
2024-03-19,1232.2591552734375,-0.6721357995925548,700,862581.4086914062,7.007095,0.62189585,1947820800.0,8.420999,3.068,9.912,375.0,228.34,,,
2024-03-21,1260.054443359375,2.2556365653270127,4100,5166223.2177734375,7.007095,0.62189585,1947820800.0,8.420999,3.068,9.912,375.0,228.34,,,
2024-03-22,1266.5400390625,0.5147075777006904,3700,4686198.14453125,7.007095,0.62189585,1947820800.0,8.420999,3.068,9.912,375.0,228.34,,,
2024-03-25,1283.2171630859375,1.316746688543846,4000,5132868.65234375,7.007095,0.62189585,1947820800.0,8.420999,3.068,9.912,375.0,228.34,,,
2024-03-26,1288.7762451171875,0.4332144387689807,2700,3479695.8618164062,7.007095,0.62189585,1947820800.0,8.420999,3.068,9.912,375.0,228.34,,,
2024-03-27,1298.9678955078125,0.7908006086578823,4600,5975252.3193359375,7.007095,0.62189585,1947820800.0,8.420999,3.068,9.912,375.0,228.34,,,
2024-03-28,1299.894287109375,0.0713175132939225,3800,4939598.291015625,7.007095,0.62189585,1947820800.0,8.420999,3.068,9.912,375.0,228.34,,,
2024-03-29,1315.64501953125,1.2116933336864255,900,1184080.517578125,7.007095,0.62189585,1947820800.0,8.420999,3.068,9.912,375.0,228.34,,,
2024-04-01,1339.734375,1.830992031371248,4400,5894831.25,7.007095,0.62189585,1947820800.0,8.420999,3.068,9.912,375.0,228.34,,,
2024-04-02,1351.7789306640625,0.8990256493241366,5100,6894072.546386719,7.007095,0.62189585,1947820800.0,8.420999,3.068,9.912,375.0,228.34,,,
2024-04-03,1394.3985595703125,3.152854948354089,16500,23007576.23291016,7.007095,0.62189585,1947820800.0,8.420999,3.068,9.912,375.0,228.34,,,
2024-04-04,1364.7501220703125,-2.1262527343069104,28800,39304803.515625,7.007095,0.62189585,1947820800.0,8.420999,3.068,9.912,375.0,228.34,,,
2024-04-05,1333.248779296875,-2.308213222626443,4100,5466319.995117188,7.007095,0.62189585,1947820800.0,8.420999,3.068,9.912,375.0,228.34,,,
2024-04-08,1311.0125732421875,-1.66782121986373,3000,3933037.7197265625,7.007095,0.62189585,1947820800.0,8.420999,3.068,9.912,375.0,228.34,,,
2024-04-09,1301.7474365234375,-0.7067160840293796,1600,2082795.8984375,7.007095,0.62189585,1947820800.0,8.420999,3.068,9.912,375.0,228.34,,,
2024-04-10,1322.1307373046875,1.5658414381584995,1500,1983196.1059570312,7.007095,0.62189585,1947820800.0,8.420999,3.068,9.912,375.0,228.34,,,
2024-04-11,1319.3511962890625,-0.2102319337413893,1900,2506767.2729492188,7.007095,0.62189585,1947820800.0,8.420999,3.068,9.912,375.0,228.34,,,
2024-04-12,1304.5269775390625,-1.1235991441623794,1700,2217695.8618164062,7.007095,0.62189585,1947820800.0,8.420999,3.068,9.912,375.0,228.34,,,
2024-04-15,1343.4403076171875,2.982945600062137,3900,5239417.199707031,7.007095,0.62189585,1947820800.0,8.420999,3.068,9.912,375.0,228.34,,,
2024-04-16,1323.05712890625,-1.517237393828863,800,1058445.703125,7.007095,0.62189585,1947820800.0,8.420999,3.068,9.912,375.0,228.34,,,
2024-04-17,1330.46923828125,0.5602259504188911,600,798281.54296875,7.007095,0.62189585,1947820800.0,8.420999,3.068,9.912,375.0,228.34,,,
2024-04-18,1321.2041015625,-0.6963811302183154,1500,1981806.15234375,7.007095,0.62189585,1947820800.0,8.420999,3.068,9.912,375.0,228.34,,,
2024-04-19,1283.2171630859375,-2.8751756395274497,3900,5004546.936035156,7.007095,0.62189585,1947820800.0,8.420999,3.068,9.912,375.0,228.34,,,
2024-04-22,1314.718505859375,2.4548723068573697,2200,2892380.712890625,7.007095,0.62189585,1947820800.0,8.420999,3.068,9.912,375.0,228.34,,,
2024-04-23,1330.46923828125,1.1980307839037696,500,665234.619140625,7.007095,0.62189585,1947820800.0,8.420999,3.068,9.912,375.0,228.34,,,
2024-04-24,1300.8209228515625,-2.228410441716666,700,910574.6459960938,7.007095,0.62189585,1947820800.0,8.420999,3.068,9.912,375.0,228.34,,,
2024-04-25,1315.64501953125,1.1395954984481094,400,526258.0078125,7.007095,0.62189585,1947820800.0,8.420999,3.068,9.912,375.0,228.34,,,
2024-04-26,1333.248779296875,1.3380326383097607,1200,1599898.53515625,7.007095,0.62189585,1947820800.0,8.420999,3.068,9.912,375.0,228.34,,,
2024-04-30,1325.836669921875,-0.5559434585725942,900,1193253.0029296875,7.007095,0.62189585,1947820800.0,8.420999,3.068,9.912,375.0,228.34,,,
2024-05-01,1311.0125732421875,-1.11809373024514,800,1048810.05859375,7.007095,0.62189585,1947820800.0,8.420999,3.068,9.912,375.0,228.34,,,
2024-05-02,1302.6739501953125,-0.6360444756264405,500,651336.9750976562,7.007095,0.62189585,1947820800.0,8.420999,3.068,9.912,375.0,228.34,,,
2024-05-07,1315.64501953125,0.995726469696634,500,657822.509765625,7.007095,0.62189585,1947820800.0,8.420999,3.068,9.912,375.0,228.34,,,
2024-05-08,1320.277587890625,0.3521138521867861,2000,2640555.17578125,7.007095,0.62189585,1947820800.0,8.420999,3.068,9.912,375.0,228.34,,,
2024-05-09,1320.277587890625,0.0,0,0.0,7.007095,0.62189585,1947820800.0,8.420999,3.068,9.912,375.0,228.34,,,
2024-05-10,1315.64501953125,-0.3508783608738186,100,131564.501953125,7.007095,0.62189585,1947820800.0,8.420999,3.068,9.912,375.0,228.34,,,
2024-05-13,1315.64501953125,0.0,200,263129.00390625,7.007095,0.62189585,1947820800.0,8.420999,3.068,9.912,375.0,228.34,,,
2024-05-14,1312.8656005859375,-0.2112590329496955,2400,3150877.44140625,7.007095,0.62189585,1947820800.0,8.420999,3.068,9.912,375.0,228.34,,,
2024-05-15,1312.8656005859375,0.0,0,0.0,7.007095,0.62189585,1947820800.0,8.420999,3.068,9.912,375.0,228.34,,,
2024-05-16,1297.11474609375,-1.1997309157279925,600,778268.84765625,7.007095,0.62189585,1947820800.0,8.420999,3.068,9.912,375.0,228.34,,,
2024-05-17,1297.11474609375,0.0,1000,1297114.74609375,7.007095,0.62189585,1947820800.0,8.420999,3.068,9.912,375.0,228.34,,,
2024-05-20,1293.4088134765625,-0.285705842782824,500,646704.4067382812,7.007095,0.62189585,1947820800.0,8.420999,3.068,9.912,375.0,228.34,,,
2024-05-21,1287.8497314453125,-0.4298008466718017,1900,2446914.4897460938,7.007095,0.62189585,1947820800.0,8.420999,3.068,9.912,375.0,228.34,,,
2024-05-22,1297.11474609375,0.7194173685185934,600,778268.84765625,7.007095,0.62189585,1947820800.0,8.420999,3.068,9.912,375.0,228.34,,,
2024-05-23,1281.3641357421875,-1.2142804172873167,400,512545.654296875,7.007095,0.62189585,1947820800.0,8.420999,3.068,9.912,375.0,228.34,,,
2024-05-24,1281.3641357421875,0.0,400,512545.654296875,7.007095,0.62189585,1947820800.0,8.420999,3.068,9.912,375.0,228.34,,,
2024-05-27,1253.56884765625,-2.169195103142008,3400,4262134.08203125,7.007095,0.62189585,1947820800.0,8.420999,3.068,9.912,375.0,228.34,,,
2024-05-28,1242.4508056640625,-0.8869111587268996,700,869715.5639648438,7.007095,0.62189585,1947820800.0,8.420999,3.068,9.912,375.0,228.34,,,
2024-05-29,1242.4508056640625,0.0,0,0.0,7.007095,0.62189585,1947820800.0,8.420999,3.068,9.912,375.0,228.34,,,
2024-05-30,1255.421875,1.0439905770759816,200,251084.375,7.007095,0.62189585,1947820800.0,8.420999,3.068,9.912,375.0,228.34,,,
2024-05-31,1249.86279296875,-0.4428058919436983,700,874903.955078125,7.007095,0.62189585,1947820800.0,8.420999,3.068,9.912,375.0,228.34,,,
2024-06-03,1221.1409912109375,-2.297996381634082,2500,3052852.478027344,7.007095,0.62189585,1947820800.0,8.420999,3.068,9.912,375.0,228.34,,,
2024-06-04,1222.0675048828125,0.0758727844322182,700,855447.2534179688,7.007095,0.62189585,1947820800.0,8.420999,3.068,9.912,375.0,228.34,,,
2024-06-05,1225.7735595703125,0.3032610451298545,1500,1838660.3393554688,7.007095,0.62189585,1947820800.0,8.420999,3.068,9.912,375.0,228.34,,,
2024-06-06,1226.7000732421875,0.0755860382728235,2300,2821410.1684570312,7.007095,0.62189585,1947820800.0,8.420999,3.068,9.912,375.0,228.34,,,
2024-06-07,1236.8916015625,0.830808487145207,900,1113202.44140625,7.007095,0.62189585,1947820800.0,8.420999,3.068,9.912,375.0,228.34,,,
2024-06-10,1236.8916015625,0.0,200,247378.3203125,7.007095,0.62189585,1947820800.0,8.420999,3.068,9.912,375.0,228.34,,,
2024-06-11,1252.642333984375,1.273412512622607,600,751585.400390625,7.007095,0.62189585,1947820800.0,8.420999,3.068,9.912,375.0,228.34,,,
2024-06-12,1246.15673828125,-0.5177531947603731,800,996925.390625,7.007095,0.62189585,1947820800.0,8.420999,3.068,9.912,375.0,228.34,,,
2024-06-13,1246.15673828125,0.0,0,0.0,7.007095,0.62189585,1947820800.0,8.420999,3.068,9.912,375.0,228.34,,,
2024-06-14,1235.9652099609375,-0.8178367942999754,400,494386.083984375,7.007095,0.62189585,1947820800.0,8.420999,3.068,9.912,375.0,228.34,,,
2024-06-17,1256.348388671875,1.6491709108528818,100,125634.8388671875,7.007095,0.62189585,1947820800.0,8.420999,3.068,9.912,375.0,228.34,,,
2024-06-18,1248.936279296875,-0.5899724504630055,200,249787.255859375,7.007095,0.62189585,1947820800.0,8.420999,3.068,9.912,375.0,228.34,,,
2024-06-19,1251.7158203125,0.2225526683546919,1400,1752402.1484375,7.007095,0.62189585,1947820800.0,8.420999,3.068,9.912,375.0,228.34,,,
2024-06-20,1258.201416015625,0.5181364330368421,800,1006561.1328125,7.007095,0.62189585,1947820800.0,8.420999,3.068,9.912,375.0,228.34,,,
2024-06-21,1283.2171630859375,1.988214824104273,1300,1668182.3120117188,7.007095,0.62189585,1947820800.0,8.420999,3.068,9.912,375.0,228.34,,,
2024-06-24,1307.3065185546875,1.8772625679989163,1400,1830229.1259765625,7.007095,0.62189585,1947820800.0,8.420999,3.068,9.912,375.0,228.34,,,
2024-06-25,1313.7921142578125,0.4961036766109927,1700,2233446.594238281,7.007095,0.62189585,1947820800.0,8.420999,3.068,9.912,375.0,228.34,,,
2024-06-26,1336.0283203125,1.6925208953053603,1500,2004042.48046875,7.007095,0.62189585,1947820800.0,8.420999,3.068,9.912,375.0,228.34,,,
2024-06-27,1338.807861328125,0.2080450671116729,1000,1338807.861328125,7.007095,0.62189585,1947820800.0,8.420999,3.068,9.912,375.0,228.34,,,
2024-06-28,1360.1175537109375,1.5916916085085386,1400,1904164.5751953125,7.007095,0.62189585,1947820800.0,8.420999,3.068,9.912,375.0,228.34,,,
2024-07-01,1350.8525390625,-0.681192197186109,5600,7564774.21875,7.007095,0.62189585,1947820800.0,8.420999,3.068,9.912,375.0,228.34,,,
2024-07-02,1369.3826904296875,1.3717375384324049,1100,1506320.9594726562,7.007095,0.62189585,1947820800.0,8.420999,3.068,9.912,375.0,228.34,,,
2024-07-03,1400.884033203125,2.3004046271063228,7600,10646718.65234375,7.007095,0.62189585,1947820800.0,8.420999,3.068,9.912,375.0,228.34,,,
2024-07-04,1500.020751953125,7.076725581868737,123700,185552567.0166016,7.007095,0.62189585,1947820800.0,8.420999,3.068,9.912,375.0,228.34,,,
2024-07-05,1440.7239990234375,-3.9530621728052218,15100,21754932.385253903,7.007095,0.62189585,1947820800.0,8.420999,3.068,9.912,375.0,228.34,,,
2024-07-08,1412.9287109375,-1.9292583523824125,7200,10173086.71875,7.007095,0.62189585,1947820800.0,8.420999,3.068,9.912,375.0,228.34,,,
2024-07-09,1409.22265625,-0.2622959430869653,3700,5214123.828125,7.007095,0.62189585,1947820800.0,8.420999,3.068,9.912,375.0,228.34,,,
2024-07-10,1393.471923828125,-1.1176894121038616,2700,3762374.1943359375,7.007095,0.62189585,1947820800.0,8.420999,3.068,9.912,375.0,228.34,,,
2024-07-11,1386.059814453125,-0.5319166642868245,7800,10811266.552734377,7.007095,0.62189585,1947820800.0,8.420999,3.068,9.912,375.0,228.34,,,
2024-07-12,1422.19384765625,2.606960596241059,1500,2133290.771484375,7.007095,0.62189585,1947820800.0,8.420999,3.068,9.912,375.0,228.34,,,
2024-07-16,1412.0020751953125,-0.716623298415564,2000,2824004.150390625,7.007095,0.62189585,1947820800.0,8.420999,3.068,9.912,375.0,228.34,,,
2024-07-17,1402.737060546875,-0.6561615461617487,1900,2665200.4150390625,7.007095,0.62189585,1947820800.0,8.420999,3.068,9.912,375.0,228.34,,,
2024-07-18,1399.9576416015625,-0.1981425474157583,1900,2659919.5190429688,7.007095,0.62189585,1947820800.0,8.420999,3.068,9.912,375.0,228.34,,,
2024-07-19,1430.5323486328125,2.1839737233958267,6100,8726247.326660156,7.007095,0.62189585,1947820800.0,8.420999,3.068,9.912,375.0,228.34,,,
2024-07-22,1408.296142578125,-1.5544007848504182,1500,2112444.2138671875,7.007095,0.62189585,1947820800.0,8.420999,3.068,9.912,375.0,228.34,,,
2024-07-23,1408.296142578125,0.0,0,0.0,7.007095,0.62189585,1947820800.0,8.420999,3.068,9.912,375.0,228.34,,,
2024-07-24,1414.7816162109375,0.4605191647361728,400,565912.646484375,7.007095,0.62189585,1947820800.0,8.420999,3.068,9.912,375.0,228.34,,,
2024-07-25,1389.765869140625,-1.7681702097112062,1600,2223625.390625,7.007095,0.62189585,1947820800.0,8.420999,3.068,9.912,375.0,228.34,,,
2024-07-26,1376.7947998046875,-0.9333276650374422,900,1239115.3198242188,7.007095,0.62189585,1947820800.0,8.420999,3.068,9.912,375.0,228.34,,,
2024-07-29,1390.6925048828125,1.0094245765670085,3300,4589285.266113281,7.007095,0.62189585,1947820800.0,8.420999,3.068,9.912,375.0,228.34,,,
2024-07-30,1413.855224609375,1.6655529274254954,1400,1979397.314453125,7.007095,0.62189585,1947820800.0,8.420999,3.068,9.912,375.0,228.34,,,
2024-07-31,1420.3406982421875,0.4587084674531949,1200,1704408.837890625,7.007095,0.62189585,1947820800.0,8.420999,3.068,9.912,375.0,228.34,,,
2024-08-01,1381.4273681640625,-2.73971802161862,2400,3315425.68359375,7.007095,0.62189585,1947820800.0,8.420999,3.068,9.912,375.0,228.34,,,
2024-08-02,1298.0413818359375,-6.0362193662737536,8100,10514135.192871094,7.007095,0.62189585,1947820800.0,8.420999,3.068,9.912,375.0,228.34,,,
2024-08-05,1142.3875732421875,-11.991436542153588,8900,10167249.401855469,7.007095,0.62189585,1947820800.0,8.420999,3.068,9.912,375.0,228.34,,,
2024-08-06,1180.37451171875,3.325223362571461,5300,6255984.912109375,7.007095,0.62189585,1947820800.0,8.420999,3.068,9.912,375.0,228.34,,,
2024-08-07,1181.301025390625,0.0784931953949019,6200,7324066.357421875,7.007095,0.62189585,1947820800.0,8.420999,3.068,9.912,375.0,228.34,,,
2024-08-08,1193.345703125,1.0196112147106806,3600,4296044.53125,7.007095,0.62189585,1947820800.0,8.420999,3.068,9.912,375.0,228.34,,,
2024-08-09,1220.2144775390625,2.25154993592398,5300,6467136.730957031,7.007095,0.62189585,1947820800.0,8.420999,3.068,9.912,375.0,228.34,,,
2024-08-13,1273.9521484375,4.403952902346808,1500,1910928.22265625,7.007095,0.62189585,1947820800.0,8.420999,3.068,9.912,375.0,228.34,,,
2024-08-14,1314.718505859375,3.19999126120043,3200,4207099.21875,7.007095,0.62189585,1947820800.0,8.420999,3.068,9.912,375.0,228.34,,,
2024-08-15,1332.322265625,1.3389755820101046,1500,1998483.3984375,7.007095,0.62189585,1947820800.0,8.420999,3.068,9.912,375.0,228.34,,,
2024-08-16,1352.7054443359375,1.5298985265682408,2400,3246493.06640625,7.007095,0.62189585,1947820800.0,8.420999,3.068,9.912,375.0,228.34,,,
2024-08-19,1342.513916015625,-0.7534181490128966,2600,3490536.181640625,7.007095,0.62189585,1947820800.0,8.420999,3.068,9.912,375.0,228.34,,,
2024-08-20,1342.513916015625,0.0,500,671256.9580078125,7.007095,0.62189585,1947820800.0,8.420999,3.068,9.912,375.0,228.34,,,
2024-08-21,1336.954833984375,-0.4140800303767844,300,401086.4501953125,7.007095,0.62189585,1947820800.0,8.420999,3.068,9.912,375.0,228.34,,,
2024-08-22,1332.322265625,-0.3465014854368009,1200,1598786.71875,7.007095,0.62189585,1947820800.0,8.420999,3.068,9.912,375.0,228.34,,,
2024-08-23,1343.4403076171875,0.834485940754881,2000,2686880.615234375,7.007095,0.62189585,1947820800.0,8.420999,3.068,9.912,375.0,228.34,,,
2024-08-26,1369.3826904296875,1.931040974832232,3900,5340592.492675781,7.007095,0.62189585,1947820800.0,8.420999,3.068,9.912,375.0,228.34,,,
2024-08-27,1366.6031494140625,-0.2029776654145387,4000,5466412.59765625,7.007095,0.62189585,1947820800.0,8.420999,3.068,9.912,375.0,228.34,,,
2024-08-28,1400.884033203125,2.508473934350341,5000,7004420.166015625,7.007095,0.62189585,1947820800.0,8.420999,3.068,9.912,375.0,228.34,,,
2024-08-29,1428.679443359375,1.9841335540598413,1600,2285887.109375,7.007095,0.62189585,1947820800.0,8.420999,3.068,9.912,375.0,228.34,,,
2024-08-30,1434.238525390625,0.3891063217217105,4200,6023801.806640625,7.007095,0.62189585,1947820800.0,8.420999,3.068,9.912,375.0,228.34,,,
2024-09-02,1419.414306640625,-1.033595074150062,900,1277472.8759765625,7.007095,0.62189585,1947820800.0,8.420999,3.068,9.912,375.0,228.34,,,
2024-09-03,1413.855224609375,-0.3916461885189015,300,424156.5673828125,7.007095,0.62189585,1947820800.0,8.420999,3.068,9.912,375.0,228.34,,,
2024-09-04,1370.3092041015625,-3.0799490463985446,3000,4110927.612304688,7.007095,0.62189585,1947820800.0,8.420999,3.068,9.912,375.0,228.34,,,
2024-09-05,1381.4273681640625,0.8113617006454854,500,690713.6840820312,7.007095,0.62189585,1947820800.0,8.420999,3.068,9.912,375.0,228.34,,,
2024-09-06,1332.322265625,-3.554664086634096,1800,2398180.078125,7.007095,0.62189585,1947820800.0,8.420999,3.068,9.912,375.0,228.34,,,
2024-09-09,1350.8525390625,1.3908251716267197,4600,6213921.6796875,7.007095,0.62189585,1947820800.0,8.420999,3.068,9.912,375.0,228.34,,,
2024-09-10,1360.1175537109375,0.6858642509468549,400,544047.021484375,7.007095,0.62189585,1947820800.0,8.420999,3.068,9.912,375.0,228.34,,,
2024-09-11,1368.4561767578125,0.6130810549517474,500,684228.0883789062,7.007095,0.62189585,1947820800.0,8.420999,3.068,9.912,375.0,228.34,,,
2024-09-12,1361.9705810546875,-0.4739352135112451,2300,3132532.336425781,7.007095,0.62189585,1947820800.0,8.420999,3.068,9.912,375.0,228.34,,,
2024-09-13,1385.1334228515625,1.7006859119481188,1800,2493240.1611328125,7.007095,0.62189585,1947820800.0,8.420999,3.068,9.912,375.0,228.34,,,
2024-09-17,1397.1781005859375,0.8695680528435057,2800,3912098.681640625,7.007095,0.62189585,1947820800.0,8.420999,3.068,9.912,375.0,228.34,,,
2024-09-18,1399.031005859375,0.1326176865111605,1500,2098546.5087890625,7.007095,0.62189585,1947820800.0,8.420999,3.068,9.912,375.0,228.34,,,
2024-09-19,1410.149169921875,0.7947046216942422,1600,2256238.671875,7.007095,0.62189585,1947820800.0,8.420999,3.068,9.912,375.0,228.34,,,
2024-09-20,1425.89990234375,1.116955053964097,2000,2851799.8046875,7.007095,0.62189585,1947820800.0,8.420999,3.068,9.912,375.0,228.34,,,
2024-09-24,1433.3118896484375,0.5198111937944949,3000,4299935.6689453125,7.007095,0.62189585,1947820800.0,8.420999,3.068,9.912,375.0,228.34,,,
2024-09-25,1419.414306640625,-0.9696133206026248,300,425824.2919921875,7.007095,0.62189585,1947820800.0,8.420999,3.068,9.912,375.0,228.34,,,
2024-09-26,1417.5611572265625,-0.1305573295543594,2300,3260390.6616210938,7.007095,0.62189585,1947820800.0,8.420999,3.068,9.912,375.0,228.34,,,
2024-09-27,1425.89990234375,0.588245880939775,1700,2424029.833984375,7.007095,0.62189585,1947820800.0,8.420999,3.068,9.912,375.0,228.34,,,
2024-09-30,1424.973388671875,-0.0649774693407323,6400,9119829.6875,7.007095,0.62189585,1947820800.0,8.420999,3.068,9.912,375.0,228.34,,,
2024-10-01,1437.9444580078125,0.910267478610738,1900,2732094.470214844,7.007095,0.62189585,1947820800.0,8.420999,3.068,9.912,375.0,228.34,,,
2024-10-02,1437.9444580078125,0.0,300,431383.33740234375,7.007095,0.62189585,1947820800.0,8.420999,3.068,9.912,375.0,228.34,,,
2024-10-03,1436.0914306640625,-0.1288664060305366,1000,1436091.4306640625,7.007095,0.62189585,1947820800.0,8.420999,3.068,9.912,375.0,228.34,,,
2024-10-04,1433.3118896484375,-0.1935490287230279,1100,1576643.0786132812,7.007095,0.62189585,1947820800.0,8.420999,3.068,9.912,375.0,228.34,,,
2024-10-07,1424.0467529296875,-0.6464145581756453,6000,8544280.517578125,7.007095,0.62189585,1947820800.0,8.420999,3.068,9.912,375.0,228.34,,,
2024-10-08,1443.5035400390625,1.36630255076573,4000,5774014.16015625,7.007095,0.62189585,1947820800.0,8.420999,3.068,9.912,375.0,228.34,,,
2024-10-09,1445.3565673828125,0.1283701281189708,2700,3902462.7319335938,7.007095,0.62189585,1947820800.0,8.420999,3.068,9.912,375.0,228.34,,,
2024-10-10,1440.7239990234375,-0.3205138762238713,2200,3169592.7978515625,7.007095,0.62189585,1947820800.0,8.420999,3.068,9.912,375.0,228.34,,,
2024-10-11,1458.32763671875,1.221860516465667,6800,9916627.9296875,7.007095,0.62189585,1947820800.0,8.420999,3.068,9.912,375.0,228.34,,,
2024-10-15,1462.0338134765625,0.2541388275512313,8900,13012100.939941406,7.007095,0.62189585,1947820800.0,8.420999,3.068,9.912,375.0,228.34,,,
2024-10-16,1500.9471435546875,2.6615889262911807,9200,13808713.720703123,7.007095,0.62189585,1947820800.0,8.420999,3.068,9.912,375.0,228.34,,,
2024-10-17,1532.448486328125,2.0987642975110354,5100,7815487.280273437,7.007095,0.62189585,1947820800.0,8.420999,3.068,9.912,375.0,228.34,,,
2024-10-18,1512.0653076171875,-1.3301053113881411,2900,4384989.392089844,7.007095,0.62189585,1947820800.0,8.420999,3.068,9.912,375.0,228.34,,,
2024-10-21,1513.9183349609375,0.1225494252407699,700,1059742.8344726562,7.007095,0.62189585,1947820800.0,8.420999,3.068,9.912,375.0,228.34,,,
2024-10-22,1518.5509033203125,0.3059985636209683,4500,6833479.064941406,7.007095,0.62189585,1947820800.0,8.420999,3.068,9.912,375.0,228.34,,,
2024-10-23,1482.4169921875,-2.3794994987527684,5100,7560326.66015625,7.007095,0.62189585,1947820800.0,8.420999,3.068,9.912,375.0,228.34,,,
2024-10-24,1453.6951904296875,-1.937498147227101,4500,6541628.356933594,7.007095,0.62189585,1947820800.0,8.420999,3.068,9.912,375.0,228.34,,,
2024-10-25,1468.5194091796875,1.0197611471506771,900,1321667.4682617188,7.007095,0.62189585,1947820800.0,8.420999,3.068,9.912,375.0,228.34,,,
2024-10-28,1483.3433837890625,1.0094503699924262,900,1335009.0454101562,7.007095,0.62189585,1947820800.0,8.420999,3.068,9.912,375.0,228.34,,,
2024-10-29,1506.5062255859375,1.561529316139043,1500,2259759.3383789062,7.007095,0.62189585,1947820800.0,8.420999,3.068,9.912,375.0,228.34,,,
2024-10-30,1529.6689453125,1.537512380179762,11600,17744159.765625,7.007095,0.62189585,1947820800.0,8.420999,3.068,9.912,375.0,228.34,,,
2024-10-31,1546.3463134765625,1.0902599686793968,3000,4639038.940429688,7.007095,0.62189585,1947820800.0,8.420999,3.068,9.912,375.0,228.34,,,
2024-11-01,1526.889404296875,-1.2582504326565491,3000,4580668.212890625,7.007095,0.62189585,1947820800.0,8.420999,3.068,9.912,375.0,228.34,,,
2024-11-05,1528.7425537109375,0.1213676255036766,3300,5044850.427246094,7.007095,0.62189585,1947820800.0,8.420999,3.068,9.912,375.0,228.34,,,
2024-11-06,1514.8448486328125,-0.9090938853235307,6500,9846491.51611328,7.007095,0.62189585,1947820800.0,8.420999,3.068,9.912,375.0,228.34,,,
2024-11-07,1513.9183349609375,-0.061162281583571,3600,5450106.005859375,7.007095,0.62189585,1947820800.0,8.420999,3.068,9.912,375.0,228.34,,,
2024-11-08,1512.0653076171875,-0.122399425448394,6100,9223598.376464844,7.007095,0.62189585,1947820800.0,8.420999,3.068,9.912,375.0,228.34,,,
2024-11-11,1506.5062255859375,-0.3676482757223209,3700,5574073.034667969,7.007095,0.62189585,1947820800.0,8.420999,3.068,9.912,375.0,228.34,,,
2024-11-12,1496.314697265625,-0.6765009096692309,7700,11521623.168945312,7.007095,0.62189585,1947820800.0,8.420999,3.068,9.912,375.0,228.34,,,
2024-11-13,1490.755615234375,-0.3715182402076689,5000,7453778.076171875,7.007095,0.62189585,1947820800.0,8.420999,3.068,9.912,375.0,228.34,,,
2024-11-14,1471.2989501953125,-1.3051545699530045,4100,6032325.695800781,7.007095,0.62189585,1947820800.0,8.420999,3.068,9.912,375.0,228.34,,,
2024-11-15,1459.2542724609375,-0.8186424473949461,7100,10360705.334472656,7.007095,0.62189585,1947820800.0,8.420999,3.068,9.912,375.0,228.34,,,
2024-11-18,1448.1361083984375,-0.7619072475799515,4500,6516612.487792969,7.007095,0.62189585,1947820800.0,8.420999,3.068,9.912,375.0,228.34,,,
2024-11-19,1459.2542724609375,0.7677568426075698,2900,4231837.390136719,7.007095,0.62189585,1947820800.0,8.420999,3.068,9.912,375.0,228.34,,,
2024-11-20,1453.6951904296875,-0.3809536237899813,2700,3924977.014160156,7.007095,0.62189585,1947820800.0,8.420999,3.068,9.912,375.0,228.34,,,
2024-11-21,1462.0338134765625,0.5736156452722518,10800,15789965.185546877,7.007095,0.62189585,1947820800.0,8.420999,3.068,9.912,375.0,228.34,,,
2024-11-22,1443.5035400390625,-1.2674312499952989,6000,8661021.240234375,7.007095,0.62189585,1947820800.0,8.420999,3.068,9.912,375.0,228.34,,,
2024-11-25,1472.225341796875,1.98972852931385,8200,12072247.802734377,7.007095,0.62189585,1947820800.0,8.420999,3.068,9.912,375.0,228.34,,,
2024-11-26,1493.53515625,1.4474560278330717,15800,23597855.46875,7.007095,0.62189585,1947820800.0,8.420999,3.068,9.912,375.0,228.34,,,
2024-11-27,1426.8262939453125,-4.4665076697746775,19700,28108477.990722656,7.007095,0.62189585,1947820800.0,8.420999,3.068,9.912,375.0,228.34,,,
2024-11-28,1362.2335205078125,-4.527024327459984,23500,32012487.7319336,7.007095,0.62189585,1947820800.0,8.420999,3.068,9.912,375.0,228.34,,,
2024-11-29,1344.8802490234375,-1.2738837521709234,6900,9279673.71826172,7.007095,0.62189585,1947820800.0,8.420999,3.068,9.912,375.0,228.34,,,
2024-12-02,1320.7784423828125,-1.792115443596265,9800,12943628.735351562,7.007095,0.62189585,1947820800.0,8.420999,3.068,9.912,375.0,228.34,,,
2024-12-03,1330.419189453125,0.7299291660847862,2100,2793880.2978515625,7.007095,0.62189585,1947820800.0,8.420999,3.068,9.912,375.0,228.34,,,
2024-12-04,1315.9581298828125,-1.0869551254937049,1900,2500320.446777344,7.007095,0.62189585,1947820800.0,8.420999,3.068,9.912,375.0,228.34,,,
2024-12-05,1315.9581298828125,0.0,1700,2237128.820800781,7.007095,0.62189585,1947820800.0,8.420999,3.068,9.912,375.0,228.34,,,
2024-12-06,1321.7425537109375,0.4395598687201518,900,1189568.2983398438,7.007095,0.62189585,1947820800.0,8.420999,3.068,9.912,375.0,228.34,,,
2024-12-09,1303.4251708984375,-1.3858510313579542,5800,7559865.9912109375,7.007095,0.62189585,1947820800.0,8.420999,3.068,9.912,375.0,228.34,,,
2024-12-10,1291.8563232421875,-0.887572828463612,8600,11109964.379882812,7.007095,0.62189585,1947820800.0,8.420999,3.068,9.912,375.0,228.34,,,
2024-12-11,1290.8922119140625,-0.0746299190381605,1500,1936338.3178710933,7.007095,0.62189585,1947820800.0,8.420999,3.068,9.912,375.0,228.34,,,
2024-12-12,1277.395263671875,-1.0455519149949022,4300,5492799.633789063,7.007095,0.62189585,1947820800.0,8.420999,3.068,9.912,375.0,228.34,,,
2024-12-13,1267.7545166015625,-0.7547191808587206,2100,2662284.484863281,7.007095,0.62189585,1947820800.0,8.420999,3.068,9.912,375.0,228.34,,,
2024-12-16,1252.329345703125,-1.2167316855464572,4000,5009317.3828125,7.007095,0.62189585,1947820800.0,8.420999,3.068,9.912,375.0,228.34,,,
2024-12-17,1261.0059814453125,0.6928397687044452,4900,6178929.309082031,7.007095,0.62189585,1947820800.0,8.420999,3.068,9.912,375.0,228.34,,,
2024-12-18,1269.6826171875,0.6880725285888678,1300,1650587.40234375,7.007095,0.62189585,1947820800.0,8.420999,3.068,9.912,375.0,228.34,,,
2024-12-19,1268.7186279296875,-0.0759236398737095,7000,8881030.395507812,7.007095,0.62189585,1947820800.0,8.420999,3.068,9.912,375.0,228.34,,,
2024-12-20,1243.6527099609375,-1.9756877070255416,3800,4725880.2978515625,7.007095,0.62189585,1947820800.0,8.420999,3.068,9.912,375.0,228.34,,,
2024-12-23,1243.6527099609375,0.0,3000,3730958.129882813,7.007095,0.62189585,1947820800.0,8.420999,3.068,9.912,375.0,228.34,,,
2024-12-24,1249.4371337890625,0.465115685576456,3500,4373029.968261719,7.007095,0.62189585,1947820800.0,8.420999,3.068,9.912,375.0,228.34,,,
2024-12-25,1248.4730224609375,-0.0771636525001673,3300,4119960.9741210938,7.007095,0.62189585,1947820800.0,8.420999,3.068,9.912,375.0,228.34,,,
2024-12-26,1249.4371337890625,0.0772232407733275,4400,5497523.388671875,7.007095,0.62189585,1947820800.0,8.420999,3.068,9.912,375.0,228.34,,,
2024-12-27,1268.7186279296875,1.5432144298570316,3800,4821130.7861328125,7.007095,0.62189585,1947820800.0,8.420999,3.068,9.912,375.0,228.34,,,
2024-12-30,1267.7545166015625,-0.0759909492066168,1100,1394529.9682617188,7.007095,0.62189585,1947820800.0,8.420999,3.068,9.912,375.0,228.34,,,
2025-01-06,1277.395263671875,0.760458507074091,2700,3448967.2119140625,7.007095,0.62189585,1947820800.0,8.420999,3.068,9.912,375.0,228.34,,,
2025-01-07,1282.215576171875,0.3773548123345849,1700,2179766.4794921875,7.007095,0.62189585,1947820800.0,8.420999,3.068,9.912,375.0,228.34,,,
2025-01-08,1282.215576171875,0.0,3100,3974868.286132813,7.007095,0.62189585,1947820800.0,8.420999,3.068,9.912,375.0,228.34,,,
2025-01-09,1304.3892822265625,1.7293274599649022,6400,8348091.40625,7.007095,0.62189585,1947820800.0,8.420999,3.068,9.912,375.0,228.34,,,
2025-01-10,1301.4970703125,-0.2217291995166959,3000,3904491.2109375,7.007095,0.62189585,1947820800.0,8.420999,3.068,9.912,375.0,228.34,,,
2025-01-14,1308.2454833984375,0.5185115848410637,7300,9550192.028808594,7.007095,0.62189585,1947820800.0,8.420999,3.068,9.912,375.0,228.34,,,
2025-01-15,1261.0059814453125,-3.610905029108957,5200,6557231.103515625,7.007095,0.62189585,1947820800.0,8.420999,3.068,9.912,375.0,228.34,,,
2025-01-16,1255.2215576171875,-0.4587150190592415,1000,1255221.5576171875,7.007095,0.62189585,1947820800.0,8.420999,3.068,9.912,375.0,228.34,,,
2025-01-17,1240.760498046875,-1.1520722762094815,3400,4218585.693359375,7.007095,0.62189585,1947820800.0,8.420999,3.068,9.912,375.0,228.34,,,
2025-01-20,1227.2635498046875,-1.0877964170711074,2800,3436337.939453125,7.007095,0.62189585,1947820800.0,8.420999,3.068,9.912,375.0,228.34,,,
2025-01-21,1251.365234375,1.9638556505771063,1700,2127320.8984375,7.007095,0.62189585,1947820800.0,8.420999,3.068,9.912,375.0,228.34,,,
2025-01-22,1247.509033203125,-0.3081595257679481,500,623754.5166015625,7.007095,0.62189585,1947820800.0,8.420999,3.068,9.912,375.0,228.34,,,
2025-01-23,1254.2574462890625,0.5409510397379691,1000,1254257.4462890625,7.007095,0.62189585,1947820800.0,8.420999,3.068,9.912,375.0,228.34,,,
2025-01-24,1243.6527099609375,-0.8454991723988559,1500,1865479.0649414065,7.007095,0.62189585,1947820800.0,8.420999,3.068,9.912,375.0,228.34,,,
2025-01-27,1239.79638671875,-0.3100803955397357,1200,1487755.6640625,7.007095,0.62189585,1947820800.0,8.420999,3.068,9.912,375.0,228.34,,,
2025-01-28,1246.544921875,0.5443260868109645,500,623272.4609375,7.007095,0.62189585,1947820800.0,8.420999,3.068,9.912,375.0,228.34,,,
2025-01-29,1247.509033203125,0.0773426862687554,900,1122758.1298828125,7.007095,0.62189585,1947820800.0,8.420999,3.068,9.912,375.0,228.34,,,
2025-01-30,1247.509033203125,0.0,1600,1996014.453125,7.007095,0.62189585,1947820800.0,8.420999,3.068,9.912,375.0,228.34,,,
2025-01-31,1253.29345703125,0.463677911275151,1600,2005269.53125,7.007095,0.62189585,1947820800.0,8.420999,3.068,9.912,375.0,228.34,,,
2025-02-03,1253.29345703125,0.0,2000,2506586.9140625,7.007095,0.62189585,1947820800.0,8.420999,3.068,9.912,375.0,228.34,,,
2025-02-04,1259.077880859375,0.4615378621561472,200,251815.576171875,7.007095,0.62189585,1947820800.0,8.420999,3.068,9.912,375.0,228.34,,,
2025-02-05,1267.7545166015625,0.6891262148347232,200,253550.9033203125,7.007095,0.62189585,1947820800.0,8.420999,3.068,9.912,375.0,228.34,,,
2025-02-06,1267.7545166015625,0.0,0,0.0,7.007095,0.62189585,1947820800.0,8.420999,3.068,9.912,375.0,228.34,,,
2025-02-07,1268.7186279296875,0.0760487393655307,1800,2283693.530273437,7.007095,0.62189585,1947820800.0,8.420999,3.068,9.912,375.0,228.34,,,
2025-02-10,1267.7545166015625,-0.0759909492066168,700,887428.1616210938,7.007095,0.62189585,1947820800.0,8.420999,3.068,9.912,375.0,228.34,,,
2025-02-12,1267.7545166015625,0.0,600,760652.7099609375,7.007095,0.62189585,1947820800.0,8.420999,3.068,9.912,375.0,228.34,,,
2025-02-13,1269.6826171875,0.1520878498706634,100,126968.26171875,7.007095,0.62189585,1947820800.0,8.420999,3.068,9.912,375.0,228.34,,,
2025-02-14,1267.7545166015625,-0.1518568939857134,900,1140979.0649414062,7.007095,0.62189585,1947820800.0,8.420999,3.068,9.912,375.0,228.34,,,
2025-02-17,1282.215576171875,1.1406829461809265,4500,5769970.0927734375,7.007095,0.62189585,1947820800.0,8.420999,3.068,9.912,375.0,228.34,,,
2025-02-18,1287.035888671875,0.3759361989963627,600,772221.533203125,7.007095,0.62189585,1947820800.0,8.420999,3.068,9.912,375.0,228.34,,,
2025-02-19,1283.1796875,-0.2996187756546753,2000,2566359.375,7.007095,0.62189585,1947820800.0,8.420999,3.068,9.912,375.0,228.34,,,
2025-02-20,1275.467041015625,-0.6010574013528447,800,1020373.6328125,7.007095,0.62189585,1947820800.0,8.420999,3.068,9.912,375.0,228.34,,,
2025-02-21,1273.5389404296875,-0.1511682014458171,400,509415.576171875,7.007095,0.62189585,1947820800.0,8.420999,3.068,9.912,375.0,228.34,,,
2025-02-25,1287.035888671875,1.0597986299212492,700,900925.1220703124,7.007095,0.62189585,1947820800.0,8.420999,3.068,9.912,375.0,228.34,,,
2025-02-26,1267.7545166015625,-1.4981223320982506,400,507101.806640625,7.007095,0.62189585,1947820800.0,8.420999,3.068,9.912,375.0,228.34,,,
2025-02-27,1272.5748291015625,0.3802244391068354,400,509029.931640625,7.007095,0.62189585,1947820800.0,8.420999,3.068,9.912,375.0,228.34,,,
2025-02-28,1272.5748291015625,0.0,100,127257.48291015624,7.007095,0.62189585,1947820800.0,8.420999,3.068,9.912,375.0,228.34,,,
2025-03-03,1272.5748291015625,0.0,0,0.0,7.007095,0.62189585,1947820800.0,8.420999,3.068,9.912,375.0,228.34,,,
2025-03-04,1270.646728515625,-0.1515117651115893,400,508258.69140625,7.007095,0.62189585,1947820800.0,8.420999,3.068,9.912,375.0,228.34,,,
2025-03-05,1270.646728515625,0.0,500,635323.3642578125,7.007095,0.62189585,1947820800.0,8.420999,3.068,9.912,375.0,228.34,,,
2025-03-06,1273.5389404296875,0.2276173108666679,300,382061.6821289063,7.007095,0.62189585,1947820800.0,8.420999,3.068,9.912,375.0,228.34,,,
2025-03-07,1272.5748291015625,-0.0757033253965255,500,636287.4145507812,7.007095,0.62189585,1947820800.0,8.420999,3.068,9.912,375.0,228.34,,,
2025-03-10,1274.5030517578125,0.1515213574993623,100,127450.30517578124,7.007095,0.62189585,1947820800.0,8.420999,3.068,9.912,375.0,228.34,,,
2025-03-11,1254.2574462890625,-1.5885097678524196,700,877980.2124023438,7.007095,0.62189585,1947820800.0,8.420999,3.068,9.912,375.0,228.34,,,
2025-03-12,1254.2574462890625,0.0,100,125425.74462890624,7.007095,0.62189585,1947820800.0,8.420999,3.068,9.912,375.0,228.34,,,
2025-03-13,1274.5030517578125,1.61415070954134,500,637251.5258789062,7.007095,0.62189585,1947820800.0,8.420999,3.068,9.912,375.0,228.34,,,
2025-03-14,1268.7186279296875,-0.4538571971363314,200,253743.7255859375,7.007095,0.62189585,1947820800.0,8.420999,3.068,9.912,375.0,228.34,,,
2025-03-17,1269.6826171875,0.0759813276632881,3700,4697825.68359375,7.007095,0.62189585,1947820800.0,8.420999,3.068,9.912,375.0,228.34,,,
2025-03-18,1262.9342041015625,-0.5315039360691665,600,757760.5224609375,7.007095,0.62189585,1947820800.0,8.420999,3.068,9.912,375.0,228.34,,,
2025-03-19,1277.395263671875,1.145036655381415,1600,2043832.421875,7.007095,0.62189585,1947820800.0,8.420999,3.068,9.912,375.0,228.34,,,
2025-03-21,1267.7545166015625,-0.7547191808587206,900,1140979.0649414062,7.007095,0.62189585,1947820800.0,8.420999,3.068,9.912,375.0,228.34,,,
2025-03-24,1283.1796875,1.2167316855464572,2500,3207949.21875,7.007095,0.62189585,1947820800.0,8.420999,3.068,9.912,375.0,228.34,,,
2025-03-25,1289.92822265625,0.5259228479058908,600,773956.93359375,7.007095,0.62189585,1947820800.0,8.420999,3.068,9.912,375.0,228.34,,,
2025-03-26,1289.92822265625,0.0,500,644964.111328125,7.007095,0.62189585,1947820800.0,8.420999,3.068,9.912,375.0,228.34,,,
2025-03-27,1274.5030517578125,-1.1958162188802746,300,382350.91552734375,7.007095,0.62189585,1947820800.0,8.420999,3.068,9.912,375.0,228.34,,,
2025-03-28,1286.0718994140625,0.9077143942726628,500,643035.9497070312,7.007095,0.62189585,1947820800.0,8.420999,3.068,9.912,375.0,228.34,,,
2025-03-31,1253.29345703125,-2.5487254948768023,1300,1629281.494140625,7.007095,0.62189585,1947820800.0,8.420999,3.068,9.912,375.0,228.34,,,
2025-04-01,1254.2574462890625,0.0769164837177038,100,125425.74462890624,7.007095,0.62189585,1947820800.0,8.420999,3.068,9.912,375.0,228.34,,,
2025-04-02,1251.365234375,-0.2305915681521053,800,1001092.1875,7.007095,0.62189585,1947820800.0,8.420999,3.068,9.912,375.0,228.34,,,
2025-04-03,1230.15576171875,-1.6949066566359527,700,861109.033203125,7.007095,0.62189585,1947820800.0,8.420999,3.068,9.912,375.0,228.34,,,
2025-04-04,1138.56884765625,-7.445147753853265,146500,166800336.18164062,7.007095,0.62189585,1947820800.0,8.420999,3.068,9.912,375.0,228.34,,,
2025-04-07,1012.2754516601562,-11.092293299265066,8500,8604341.339111328,7.007095,0.62189585,1947820800.0,8.420999,3.068,9.912,375.0,228.34,,,
2025-04-08,1072.0479736328125,5.9047684970160885,9300,9970046.154785156,7.007095,0.62189585,1947820800.0,8.420999,3.068,9.912,375.0,228.34,,,
2025-04-09,1031.556884765625,-3.776984786415549,4100,4229383.227539063,7.007095,0.62189585,1947820800.0,8.420999,3.068,9.912,375.0,228.34,,,
2025-04-10,1094.2215576171875,6.074766576328972,4200,4595730.541992188,7.007095,0.62189585,1947820800.0,8.420999,3.068,9.912,375.0,228.34,,,
2025-04-11,1113.5030517578125,1.7621197468100425,3000,3340509.155273437,7.007095,0.62189585,1947820800.0,8.420999,3.068,9.912,375.0,228.34,,,
2025-04-14,1111.5748291015625,-0.1731672538486606,3100,3445881.970214844,7.007095,0.62189585,1947820800.0,8.420999,3.068,9.912,375.0,228.34,,,
2025-04-15,1105.7904052734375,-0.5203809655172087,1700,1879843.688964844,7.007095,0.62189585,1947820800.0,8.420999,3.068,9.912,375.0,228.34,,,
2025-04-16,1118.3233642578125,1.1333937177069098,200,223664.6728515625,7.007095,0.62189585,1947820800.0,8.420999,3.068,9.912,375.0,228.34,,,
2025-04-17,1118.3233642578125,0.0,0,0.0,7.007095,0.62189585,1947820800.0,8.420999,3.068,9.912,375.0,228.34,,,
2025-04-18,1118.3233642578125,0.0,0,0.0,7.007095,0.62189585,1947820800.0,8.420999,3.068,9.912,375.0,228.34,,,
2025-04-21,1108.6826171875,-0.8620715061882556,12900,14302005.76171875,7.007095,0.62189585,1947820800.0,8.420999,3.068,9.912,375.0,228.34,,,
2025-04-22,1153.0299072265625,3.999998678752848,1100,1268332.8979492188,7.007095,0.62189585,1947820800.0,8.420999,3.068,9.912,375.0,228.34,,,
2025-04-23,1197.3773193359375,3.846163211502973,27500,32927876.28173828,7.007095,0.62189585,1947820800.0,8.420999,3.068,9.912,375.0,228.34,,,
2025-04-24,1190.6287841796875,-0.5636097366528259,600,714377.2705078125,7.007095,0.62189585,1947820800.0,8.420999,3.068,9.912,375.0,228.34,,,
2025-04-25,1210.874267578125,1.7004026500489822,1200,1453049.12109375,7.007095,0.62189585,1947820800.0,8.420999,3.068,9.912,375.0,228.34,,,
2025-04-28,1231.1197509765625,1.671972387267795,2600,3200911.3525390625,7.007095,0.62189585,1947820800.0,8.420999,3.068,9.912,375.0,228.34,,,
2025-04-30,1249.4371337890625,1.4878636134275425,200,249887.4267578125,7.007095,0.62189585,1947820800.0,8.420999,3.068,9.912,375.0,228.34,,,
2025-05-01,1236.9041748046875,-1.0030884024046394,27700,34262245.642089844,7.007095,0.62189585,1947820800.0,8.420999,3.068,9.912,375.0,228.34,,,
2025-05-02,1240.760498046875,0.3117721906627402,1200,1488912.59765625,7.007095,0.62189585,1947820800.0,8.420999,3.068,9.912,375.0,228.34,,,
2025-05-07,1227.2635498046875,-1.0877964170711074,500,613631.7749023438,7.007095,0.62189585,1947820800.0,8.420999,3.068,9.912,375.0,228.34,,,
2025-05-08,1227.2635498046875,0.0,500,613631.7749023438,7.007095,0.62189585,1947820800.0,8.420999,3.068,9.912,375.0,228.34,,,
2025-05-09,1229.191650390625,0.1571056670137682,400,491676.66015625,7.007095,0.62189585,1947820800.0,8.420999,3.068,9.912,375.0,228.34,,,
2025-05-12,1227.2635498046875,-0.1568592322706341,400,490905.419921875,7.007095,0.62189585,1947820800.0,8.420999,3.068,9.912,375.0,228.34,,,
2025-05-13,1227.2635498046875,0.0,100,122726.35498046876,7.007095,0.62189585,1947820800.0,8.420999,3.068,9.912,375.0,228.34,,,
2025-05-14,1227.2635498046875,0.0,0,0.0,7.007095,0.62189585,1947820800.0,8.420999,3.068,9.912,375.0,228.34,,,
2025-05-15,1227.2635498046875,0.0,0,0.0,7.007095,0.62189585,1947820800.0,8.420999,3.068,9.912,375.0,228.34,,,
2025-05-16,1227.2635498046875,0.0,0,0.0,7.007095,0.62189585,1947820800.0,8.420999,3.068,9.912,375.0,228.34,,,
2025-05-19,1227.2635498046875,0.0,0,0.0,7.007095,0.62189585,1947820800.0,8.420999,3.068,9.912,375.0,228.34,,,
2025-05-20,1215.694580078125,-0.9426638417154632,100,121569.4580078125,7.007095,0.62189585,1947820800.0,8.420999,3.068,9.912,375.0,228.34,,,
2025-05-21,1293.784423828125,6.423475520058797,44300,57314649.97558594,7.007095,0.62189585,1947820800.0,8.420999,3.068,9.912,375.0,228.34,,,
2025-05-22,1235.940185546875,-4.470933272646538,3700,4572978.6865234375,7.007095,0.62189585,1947820800.0,8.420999,3.068,9.912,375.0,228.34,,,
2025-05-23,1235.940185546875,0.0,200,247188.037109375,7.007095,0.62189585,1947820800.0,8.420999,3.068,9.912,375.0,228.34,,,
2025-05-26,1267.7545166015625,2.5740995742937534,900,1140979.0649414062,7.007095,0.62189585,1947820800.0,8.420999,3.068,9.912,375.0,228.34,,,
2025-05-27,1268.7186279296875,0.0760487393655307,800,1014974.90234375,7.007095,0.62189585,1947820800.0,8.420999,3.068,9.912,375.0,228.34,,,
2025-05-28,1260.0419921875,-0.68388967822961,81900,103197439.16015624,7.007095,0.62189585,1947820800.0,8.420999,3.068,9.912,375.0,228.34,,,
2025-05-29,1285.1077880859375,1.989282583743246,62200,79933704.41894531,7.007095,0.62189585,1947820800.0,8.420999,3.068,9.912,375.0,228.34,,,
2025-05-30,1297.6407470703125,0.9752457420744376,1400,1816697.0458984373,7.007095,0.62189585,1947820800.0,8.420999,3.068,9.912,375.0,228.34,,,
2025-06-02,1296.6766357421875,-0.0742972452353774,700,907673.6450195312,7.007095,0.62189585,1947820800.0,8.420999,3.068,9.912,375.0,228.34,,,
2025-06-03,1268.7186279296875,-2.156127984560896,2100,2664309.118652344,7.007095,0.62189585,1947820800.0,8.420999,3.068,9.912,375.0,228.34,,,
2025-06-04,1274.5030517578125,0.4559264521530659,600,764701.8310546875,7.007095,0.62189585,1947820800.0,8.420999,3.068,9.912,375.0,228.34,,,
2025-06-05,1287.035888671875,0.9833508752118636,2100,2702775.366210937,7.007095,0.62189585,1947820800.0,8.420999,3.068,9.912,375.0,228.34,,,
2025-06-06,1288.964111328125,0.1498188724356142,200,257792.822265625,7.007095,0.62189585,1947820800.0,8.420999,3.068,9.912,375.0,228.34,,,
2025-06-09,1292.8204345703125,0.2991800321122895,500,646410.2172851562,7.007095,0.62189585,1947820800.0,8.420999,3.068,9.912,375.0,228.34,,,
2025-06-10,1373.8023681640625,6.263973822525903,2800,3846646.630859375,7.007095,0.62189585,1947820800.0,8.420999,3.068,9.912,375.0,228.34,,,
2025-06-11,1332.3472900390625,-3.0175430677412685,1300,1732051.4770507812,7.007095,0.62189585,1947820800.0,8.420999,3.068,9.912,375.0,228.34,,,
2025-06-12,1359.34130859375,2.026049721157608,1000,1359341.30859375,7.007095,0.62189585,1947820800.0,8.420999,3.068,9.912,375.0,228.34,,,
2025-06-13,1319.8143310546875,-2.9078037494463804,3100,4091424.4262695312,7.007095,0.62189585,1947820800.0,8.420999,3.068,9.912,375.0,228.34,,,
2025-06-16,1319.8143310546875,0.0,0,0.0,7.007095,0.62189585,1947820800.0,8.420999,3.068,9.912,375.0,228.34,,,
2025-06-17,1296.6766357421875,-1.7531022938666152,100,129667.66357421876,7.007095,0.62189585,1947820800.0,8.420999,3.068,9.912,375.0,228.34,,,
2025-06-18,1339.0958251953125,3.271377634474404,1400,1874734.1552734373,7.007095,0.62189585,1947820800.0,8.420999,3.068,9.912,375.0,228.34,,,
2025-06-19,1328.4910888671875,-0.7919325957556622,1100,1461340.1977539062,7.007095,0.62189585,1947820800.0,8.420999,3.068,9.912,375.0,228.34,,,
2025-06-20,1314.9940185546875,-1.015969954605345,1100,1446493.4204101562,7.007095,0.62189585,1947820800.0,8.420999,3.068,9.912,375.0,228.34,,,
2025-06-23,1298.6048583984375,-1.2463296353441455,1300,1688186.3159179688,7.007095,0.62189585,1947820800.0,8.420999,3.068,9.912,375.0,228.34,,,
2025-06-24,1305.353271484375,0.5196663975414628,1200,1566423.92578125,7.007095,0.62189585,1947820800.0,8.420999,3.068,9.912,375.0,228.34,,,
2025-06-25,1305.353271484375,0.0,500,652676.6357421875,7.007095,0.62189585,1947820800.0,8.420999,3.068,9.912,375.0,228.34,,,
2025-06-26,1306.3173828125,0.073858268806326,2400,3135161.71875,7.007095,0.62189585,1947820800.0,8.420999,3.068,9.912,375.0,228.34,,,
2025-06-27,1328.4910888671875,1.6974210361457187,500,664245.5444335938,7.007095,0.62189585,1947820800.0,8.420999,3.068,9.912,375.0,228.34,,,
2025-06-30,1341.988037109375,1.0159607659616654,600,805192.822265625,7.007095,0.62189585,1947820800.0,8.420999,3.068,9.912,375.0,228.34,,,
2025-07-01,1349.7005615234375,0.5747088797211086,1200,1619640.673828125,7.007095,0.62189585,1947820800.0,8.420999,3.068,9.912,375.0,228.34,,,
2025-07-02,1346.808349609375,-0.2142854494183499,2900,3905744.213867188,7.007095,0.62189585,1947820800.0,8.420999,3.068,9.912,375.0,228.34,,,
2025-07-03,1346.808349609375,0.0,10900,14680211.010742188,7.007095,0.62189585,1947820800.0,8.420999,3.068,9.912,375.0,228.34,,,
2025-07-04,1331.38330078125,-1.145303920383245,2100,2795904.931640625,7.007095,0.62189585,1947820800.0,8.420999,3.068,9.912,375.0,228.34,,,
2025-07-07,1305.353271484375,-1.95511159570656,2800,3654989.16015625,7.007095,0.62189585,1947820800.0,8.420999,3.068,9.912,375.0,228.34,,,
2025-07-08,1306.3173828125,0.073858268806326,300,391895.21484375,7.007095,0.62189585,1947820800.0,8.420999,3.068,9.912,375.0,228.34,,,
2025-07-09,1317.88623046875,0.8856077250799732,2100,2767561.083984375,7.007095,0.62189585,1947820800.0,8.420999,3.068,9.912,375.0,228.34,,,
2025-07-10,1305.353271484375,-0.9509894476943724,4200,5482483.740234375,7.007095,0.62189585,1947820800.0,8.420999,3.068,9.912,375.0,228.34,,,
2025-07-11,1310.1737060546875,0.3692819925161794,2300,3013399.523925781,7.007095,0.62189585,1947820800.0,8.420999,3.068,9.912,375.0,228.34,,,
2025-07-14,1341.02392578125,2.354666376221326,700,938716.748046875,7.007095,0.62189585,1947820800.0,8.420999,3.068,9.912,375.0,228.34,,,
2025-07-15,1313.06591796875,-2.084825428913384,800,1050452.734375,7.007095,0.62189585,1947820800.0,8.420999,3.068,9.912,375.0,228.34,,,
2025-07-16,1309.2095947265625,-0.2936884728645617,2500,3273023.9868164062,7.007095,0.62189585,1947820800.0,8.420999,3.068,9.912,375.0,228.34,,,
2025-07-17,1305.353271484375,-0.2945535426657875,17500,22843682.25097656,7.007095,0.62189585,1947820800.0,8.420999,3.068,9.912,375.0,228.34,,,
2025-07-18,1297.6407470703125,-0.590838095904278,1800,2335753.3447265625,7.007095,0.62189585,1947820800.0,8.420999,3.068,9.912,375.0,228.34,,,
2025-07-22,1301.4970703125,0.2971795738453853,600,780898.2421875,7.007095,0.62189585,1947820800.0,8.420999,3.068,9.912,375.0,228.34,,,
2025-07-23,1319.8143310546875,1.407399306537771,800,1055851.46484375,7.007095,0.62189585,1947820800.0,8.420999,3.068,9.912,375.0,228.34,,,
2025-07-24,1325.598876953125,0.4382848225185531,2400,3181437.3046875,7.007095,0.62189585,1947820800.0,8.420999,3.068,9.912,375.0,228.34,,,
2025-07-25,1327.5269775390625,0.1454512839034194,2000,2655053.955078125,7.007095,0.62189585,1947820800.0,8.420999,3.068,9.912,375.0,228.34,,,
2025-07-28,1346.808349609375,1.4524278900949872,2500,3367020.874023437,7.007095,0.62189585,1947820800.0,8.420999,3.068,9.912,375.0,228.34,,,
2025-07-29,1351.6287841796875,0.3579154058341416,2300,3108746.203613281,7.007095,0.62189585,1947820800.0,8.420999,3.068,9.912,375.0,228.34,,,
2025-07-30,1381.5150146484375,2.2111271096441065,6000,8289090.087890625,7.007095,0.62189585,1947820800.0,8.420999,3.068,9.912,375.0,228.34,,,
2025-07-31,1397.9041748046875,1.186317917827373,2400,3354970.01953125,7.007095,0.62189585,1947820800.0,8.420999,3.068,9.912,375.0,228.34,,,
2025-08-01,1375.7305908203125,-1.5862020003962751,3000,4127191.7724609375,7.007095,0.62189585,1947820800.0,8.420999,3.068,9.912,375.0,228.34,,,
2025-08-04,1370.91015625,-0.3503908833951463,2100,2878911.328125,7.007095,0.62189585,1947820800.0,8.420999,3.068,9.912,375.0,228.34,,,
2025-08-05,1396.940185546875,1.8987407145686144,1200,1676328.22265625,7.007095,0.62189585,1947820800.0,8.420999,3.068,9.912,375.0,228.34,,,
2025-08-06,1395.011962890625,-0.1380318696677096,1200,1674014.35546875,7.007095,0.62189585,1947820800.0,8.420999,3.068,9.912,375.0,228.34,,,
2025-08-07,1383.443115234375,-0.8293009640059301,400,553377.24609375,7.007095,0.62189585,1947820800.0,8.420999,3.068,9.912,375.0,228.34,,,
2025-08-08,1382.47900390625,-0.0696892642356061,2000,2764958.0078125,7.007095,0.62189585,1947820800.0,8.420999,3.068,9.912,375.0,228.34,,,
2025-08-12,1387.2994384765625,0.3486804903866325,1500,2080949.157714844,7.007095,0.62189585,1947820800.0,8.420999,3.068,9.912,375.0,228.34,,,
2025-08-13,1382.47900390625,-0.347468934003603,2900,4009189.111328125,7.007095,0.62189585,1947820800.0,8.420999,3.068,9.912,375.0,228.34,,,
2025-08-14,1370.91015625,-0.8368190492269112,2200,3016002.34375,7.007095,0.62189585,1947820800.0,8.420999,3.068,9.912,375.0,228.34,,,
2025-08-15,1395.011962890625,1.7580879775924485,1300,1813515.5517578125,7.007095,0.62189585,1947820800.0,8.420999,3.068,9.912,375.0,228.34,,,
2025-08-18,1390.191650390625,-0.3455391515074679,1000,1390191.650390625,7.007095,0.62189585,1947820800.0,8.420999,3.068,9.912,375.0,228.34,,,
2025-08-19,1387.2994384765625,-0.2080441148707645,300,416189.8315429688,7.007095,0.62189585,1947820800.0,8.420999,3.068,9.912,375.0,228.34,,,
2025-08-20,1387.2994384765625,0.0,200,277459.8876953125,7.007095,0.62189585,1947820800.0,8.420999,3.068,9.912,375.0,228.34,,,
2025-08-21,1387.2994384765625,0.0,600,832379.6630859375,7.007095,0.62189585,1947820800.0,8.420999,3.068,9.912,375.0,228.34,,,
2025-08-22,1395.011962890625,0.5559379756205907,1600,2232019.140625,7.007095,0.62189585,1947820800.0,8.420999,3.068,9.912,375.0,228.34,,,
2025-08-25,1420.077880859375,1.7968245890028545,2300,3266179.1259765625,7.007095,0.62189585,1947820800.0,8.420999,3.068,9.912,375.0,228.34,,,
2025-08-26,1440.3233642578125,1.425660076205526,1200,1728388.037109375,7.007095,0.62189585,1947820800.0,8.420999,3.068,9.912,375.0,228.34,,,
2025-08-27,1461.532958984375,1.4725578472783774,4600,6723051.611328125,7.007095,0.62189585,1947820800.0,8.420999,3.068,9.912,375.0,228.34,,,
2025-08-28,1475.0299072265625,0.9234788828550666,4200,6195125.6103515625,7.007095,0.62189585,1947820800.0,8.420999,3.068,9.912,375.0,228.34,,,
2025-08-29,1474.06591796875,-0.0653538787986351,3400,5011824.12109375,7.007095,0.62189585,1947820800.0,8.420999,3.068,9.912,375.0,228.34,,,
2025-09-01,1462.4970703125,-0.7848256658828268,3100,4533740.91796875,7.007095,0.62189585,1947820800.0,8.420999,3.068,9.912,375.0,228.34,,,
2025-09-02,1465.3892822265625,0.1977584757448136,3500,5128862.487792969,7.007095,0.62189585,1947820800.0,8.420999,3.068,9.912,375.0,228.34,,,
2025-09-03,1450.92822265625,-0.9868408173655974,2700,3917506.201171875,7.007095,0.62189585,1947820800.0,8.420999,3.068,9.912,375.0,228.34,,,
2025-09-04,1456.712646484375,0.3986705708663773,2700,3933124.145507813,7.007095,0.62189585,1947820800.0,8.420999,3.068,9.912,375.0,228.34,,,
2025-09-05,1456.712646484375,0.0,800,1165370.1171875,7.007095,0.62189585,1947820800.0,8.420999,3.068,9.912,375.0,228.34,,,
2025-09-08,1460.56884765625,0.2647194133435615,600,876341.30859375,7.007095,0.62189585,1947820800.0,8.420999,3.068,9.912,375.0,228.34,,,
2025-09-09,1466.353271484375,0.396039107461954,500,733176.6357421875,7.007095,0.62189585,1947820800.0,8.420999,3.068,9.912,375.0,228.34,,,
2025-09-10,1472.1376953125,0.3944768249652064,700,1030496.38671875,7.007095,0.62189585,1947820800.0,8.420999,3.068,9.912,375.0,228.34,,,
2025-09-11,1472.1376953125,0.0,300,441641.30859375,7.007095,0.62189585,1947820800.0,8.420999,3.068,9.912,375.0,228.34,,,
2025-09-12,1474.06591796875,0.1309811346037692,700,1031846.142578125,7.007095,0.62189585,1947820800.0,8.420999,3.068,9.912,375.0,228.34,,,
2025-09-16,1475.0299072265625,0.0653966180251153,4100,6047622.619628906,7.007095,0.62189585,1947820800.0,8.420999,3.068,9.912,375.0,228.34,,,
2025-09-17,1473.101806640625,-0.1307160333828605,1200,1767722.16796875,7.007095,0.62189585,1947820800.0,8.420999,3.068,9.912,375.0,228.34,,,
2025-09-18,1471.1737060546875,-0.1308871238393516,800,1176938.96484375,7.007095,0.62189585,1947820800.0,8.420999,3.068,9.912,375.0,228.34,,,
2025-09-19,1461.532958984375,-0.6553099087236003,400,584613.18359375,7.007095,0.62189585,1947820800.0,8.420999,3.068,9.912,375.0,228.34,,,
2025-09-22,1482.7425537109375,1.451188260667147,1500,2224113.8305664062,7.007095,0.62189585,1947820800.0,8.420999,3.068,9.912,375.0,228.34,,,
2025-09-24,1488.5269775390625,0.3901165319392774,400,595410.791015625,7.007095,0.62189585,1947820800.0,8.420999,3.068,9.912,375.0,228.34,,,
2025-09-25,1487.5628662109375,-0.0647694897487838,1000,1487562.8662109375,7.007095,0.62189585,1947820800.0,8.420999,3.068,9.912,375.0,228.34,,,
2025-09-26,1488.5269775390625,0.0648114678057698,1900,2828201.2573242188,7.007095,0.62189585,1947820800.0,8.420999,3.068,9.912,375.0,228.34,,,
2025-09-29,1517.4490966796875,1.9430026850061568,1600,2427918.5546875,7.007095,0.62189585,1947820800.0,8.420999,3.068,9.912,375.0,228.34,,,
2025-09-30,1523.2335205078125,0.3811939287309052,2200,3351113.7451171875,7.007095,0.62189585,1947820800.0,8.420999,3.068,9.912,375.0,228.34,,,
2025-10-01,1510.7005615234375,-0.8227864484098846,3700,5589592.077636719,7.007095,0.62189585,1947820800.0,8.420999,3.068,9.912,375.0,228.34,,,
2025-10-02,1501.0599365234375,-0.6381559155758887,1200,1801271.923828125,7.007095,0.62189585,1947820800.0,8.420999,3.068,9.912,375.0,228.34,,,
2025-10-03,1522.26953125,1.4129745395567328,600,913361.71875,7.007095,0.62189585,1947820800.0,8.420999,3.068,9.912,375.0,228.34,,,
2025-10-06,1523.2335205078125,0.0633257933646547,1200,1827880.224609375,7.007095,0.62189585,1947820800.0,8.420999,3.068,9.912,375.0,228.34,,,
2025-10-07,1523.2335205078125,0.0,1600,2437173.6328125,7.007095,0.62189585,1947820800.0,8.420999,3.068,9.912,375.0,228.34,,,
2025-10-08,1515.52099609375,-0.5063258069249454,3600,5455875.5859375,7.007095,0.62189585,1947820800.0,8.420999,3.068,9.912,375.0,228.34,,,
2025-10-09,1501.0599365234375,-0.9541972435608504,1500,2251589.904785156,7.007095,0.62189585,1947820800.0,8.420999,3.068,9.912,375.0,228.34,,,
2025-10-10,1494.3114013671875,-0.4495846562849515,2100,3138053.9428710938,7.007095,0.62189585,1947820800.0,8.420999,3.068,9.912,375.0,228.34,,,
2025-10-14,1481.7784423828125,-0.8387113270305169,13200,19559475.439453125,7.007095,0.62189585,1947820800.0,8.420999,3.068,9.912,375.0,228.34,,,
2025-10-15,1523.2335205078125,2.7976569869876844,3400,5178993.9697265625,7.007095,0.62189585,1947820800.0,8.420999,3.068,9.912,375.0,228.34,,,
2025-10-16,1520.34130859375,-0.1898731793335439,2100,3192716.748046875,7.007095,0.62189585,1947820800.0,8.420999,3.068,9.912,375.0,228.34,,,
2025-10-17,1504.9161376953125,-1.0145860545422658,1900,2859340.6616210938,7.007095,0.62189585,1947820800.0,8.420999,3.068,9.912,375.0,228.34,,,
2025-10-20,1520.34130859375,1.0249854136098469,3000,4561023.92578125,7.007095,0.62189585,1947820800.0,8.420999,3.068,9.912,375.0,228.34,,,
2025-10-21,1526.125732421875,0.3804687668110151,1100,1678738.3056640625,7.007095,0.62189585,1947820800.0,8.420999,3.068,9.912,375.0,228.34,,,
2025-10-22,1544.443115234375,1.2002538469377155,5800,8957770.068359375,7.007095,0.62189585,1947820800.0,8.420999,3.068,9.912,375.0,228.34,,,
2025-10-23,1547.3353271484375,0.1872656807838213,3700,5725140.710449219,7.007095,0.62189585,1947820800.0,8.420999,3.068,9.912,375.0,228.34,,,
2025-10-24,1550.2275390625,0.1869156519157755,1900,2945432.32421875,7.007095,0.62189585,1947820800.0,8.420999,3.068,9.912,375.0,228.34,,,
2025-10-27,1552.15576171875,0.1243832023146707,2200,3414742.67578125,7.007095,0.62189585,1947820800.0,8.420999,3.068,9.912,375.0,228.34,,,
2025-10-28,1524.1976318359375,-1.8012451180707267,2600,3962913.8427734375,7.007095,0.62189585,1947820800.0,8.420999,3.068,9.912,375.0,228.34,,,
2025-10-29,1528.053955078125,0.2530067729827445,4300,6570632.0068359375,7.007095,0.62189585,1947820800.0,8.420999,3.068,9.912,375.0,228.34,,,
2025-10-30,1557.940185546875,1.955836073028072,15900,24771248.950195312,7.007095,0.62189585,1947820800.0,8.420999,3.068,9.912,375.0,228.34,,,
2025-10-31,1552.15576171875,-0.3712866438511208,14300,22195827.392578125,7.007095,0.62189585,1947820800.0,8.420999,3.068,9.912,375.0,228.34,,,
2025-11-04,1540.5867919921875,-0.7453485025080142,7100,10938166.223144531,7.007095,0.62189585,1947820800.0,8.420999,3.068,9.912,375.0,228.34,,,
2025-11-05,1529.0179443359375,-0.7509377411505591,6200,9479911.254882812,7.007095,0.62189585,1947820800.0,8.420999,3.068,9.912,375.0,228.34,,,
2025-11-06,1535.7664794921875,0.4413640259258722,1800,2764379.663085937,7.007095,0.62189585,1947820800.0,8.420999,3.068,9.912,375.0,228.34,,,
2025-11-07,1537.694580078125,0.1255464689250862,3800,5843239.404296875,7.007095,0.62189585,1947820800.0,8.420999,3.068,9.912,375.0,228.34,,,
2025-11-10,1523.2335205078125,-0.9404377018469968,7800,11881221.459960938,7.007095,0.62189585,1947820800.0,8.420999,3.068,9.912,375.0,228.34,,,
2025-11-11,1523.2335205078125,0.0,3800,5788287.377929688,7.007095,0.62189585,1947820800.0,8.420999,3.068,9.912,375.0,228.34,,,
2025-11-12,1522.26953125,-0.0632857171821599,5200,7915801.5625,7.007095,0.62189585,1947820800.0,8.420999,3.068,9.912,375.0,228.34,,,
2025-11-13,1514.556884765625,-0.5066544607275847,6100,9238796.997070312,7.007095,0.62189585,1947820800.0,8.420999,3.068,9.912,375.0,228.34,,,
2025-11-14,1506.8443603515625,-0.5092264603356877,7000,10547910.522460938,7.007095,0.62189585,1947820800.0,8.420999,3.068,9.912,375.0,228.34,,,
2025-11-17,1521.305419921875,0.9596916543483268,5600,8519310.3515625,7.007095,0.62189585,1947820800.0,8.420999,3.068,9.912,375.0,228.34,,,
2025-11-18,1524.1976318359375,0.1901138243634914,8800,13412939.16015625,7.007095,0.62189585,1947820800.0,8.420999,3.068,9.912,375.0,228.34,,,
2025-11-19,1537.694580078125,0.8855116922029449,4500,6919625.6103515625,7.007095,0.62189585,1947820800.0,8.420999,3.068,9.912,375.0,228.34,,,
2025-11-20,1534.8023681640625,-0.1880875403693971,4900,7520531.604003906,7.007095,0.62189585,1947820800.0,8.420999,3.068,9.912,375.0,228.34,,,
2025-11-21,1534.8023681640625,0.0,7800,11971458.471679688,7.007095,0.62189585,1947820800.0,8.420999,3.068,9.912,375.0,228.34,,,
2025-11-25,1589.7545166015625,3.580405502190742,46600,74082560.47363281,7.007095,0.62189585,1947820800.0,8.420999,3.068,9.912,375.0,228.34,,,
2025-11-26,1610.0,1.2734974605838278,19900,32039000.0,7.007095,0.62189585,1947820800.0,8.420999,3.068,9.912,375.0,228.34,,,
2025-11-27,1508.0,-6.335403726708078,61900,93345200.0,7.007095,0.62189585,1947820800.0,8.420999,3.068,9.912,375.0,228.34,,,
2025-11-28,1465.0,-2.851458885941649,33300,48784500.0,7.007095,0.62189585,1947820800.0,8.420999,3.068,9.912,375.0,228.34,,,
2025-12-01,1445.0,-1.3651877133105783,12700,18351500.0,7.007095,0.62189585,1947820800.0,8.420999,3.068,9.912,375.0,228.34,,,
2025-12-02,1430.0,-1.038062283737029,4900,7007000.0,7.007095,0.62189585,1947820800.0,8.420999,3.068,9.912,375.0,228.34,,,
2025-12-03,1414.0,-1.118881118881121,6000,8484000.0,7.007095,0.62189585,1947820800.0,8.420999,3.068,9.912,375.0,228.34,,,
2025-12-04,1407.0,-0.4950495049504955,3600,5065200.0,7.007095,0.62189585,1947820800.0,8.420999,3.068,9.912,375.0,228.34,,,
2025-12-05,1405.0,-0.1421464108031234,2900,4074500.0,7.007095,0.62189585,1947820800.0,8.420999,3.068,9.912,375.0,228.34,,,
2025-12-08,1415.0,0.7117437722419906,3400,4811000.0,7.007095,0.62189585,1947820800.0,8.420999,3.068,9.912,375.0,228.34,,,
2025-12-09,1426.0,0.7773851590106018,7600,10837600.0,7.007095,0.62189585,1947820800.0,8.420999,3.068,9.912,375.0,228.34,,,
2025-12-10,1418.0,-0.5610098176718092,1100,1559800.0,7.007095,0.62189585,1947820800.0,8.420999,3.068,9.912,375.0,228.34,,,
2025-12-11,1408.0,-0.7052186177715081,5700,8025600.0,7.007095,0.62189585,1947820800.0,8.420999,3.068,9.912,375.0,228.34,,,
2025-12-12,1429.0,1.4914772727272707,9300,13289700.0,7.007095,0.62189585,1947820800.0,8.420999,3.068,9.912,375.0,228.34,,,
2025-12-15,1425.0,-0.2799160251924393,900,1282500.0,7.007095,0.62189585,1947820800.0,8.420999,3.068,9.912,375.0,228.34,,,
2025-12-16,1421.0,-0.2807017543859702,2600,3694600.0,7.007095,0.62189585,1947820800.0,8.420999,3.068,9.912,375.0,228.34,,,
2025-12-17,1411.0,-0.703729767769179,1400,1975400.0,7.007095,0.62189585,1947820800.0,8.420999,3.068,9.912,375.0,228.34,,,
2025-12-18,1428.0,1.2048192771084263,13300,18992400.0,7.007095,0.62189585,1947820800.0,8.420999,3.068,9.912,375.0,228.34,,,
2025-12-19,1462.0,2.3809523809523725,6800,9941600.0,7.007095,0.62189585,1947820800.0,8.420999,3.068,9.912,375.0,228.34,,,
2025-12-22,1415.0,-3.2147742818057434,8300,11744500.0,7.007095,0.62189585,1947820800.0,8.420999,3.068,9.912,375.0,228.34,,,
2025-12-23,1428.0,0.9187279151943396,7800,11138400.0,7.007095,0.62189585,1947820800.0,8.420999,3.068,9.912,375.0,228.34,,,
2025-12-24,1419.0,-0.6302521008403339,4700,6669300.0,7.007095,0.62189585,1947820800.0,8.420999,3.068,9.912,375.0,228.34,,,
2025-12-25,1413.0,-0.4228329809725206,7200,10173600.0,7.007095,0.62189585,1947820800.0,8.420999,3.068,9.912,375.0,228.34,,,
2025-12-26,1415.0,0.1415428167020449,8100,11461500.0,7.007095,0.62189585,1947820800.0,8.420999,3.068,9.912,375.0,228.34,,,
2025-12-29,1417.0,0.1413427561837377,2600,3684200.0,7.007095,0.62189585,1947820800.0,8.420999,3.068,9.912,375.0,228.34,,,
2025-12-30,1428.0,0.7762879322512406,1700,2427600.0,7.007095,0.62189585,1947820800.0,8.420999,3.068,9.912,375.0,228.34,,,
2026-01-05,1431.0,0.2100840336134446,2200,3148200.0,7.007095,0.62189585,1947820800.0,8.420999,3.068,9.912,375.0,228.34,,,
2026-01-06,1444.0,0.9084556254367548,3800,5487200.0,7.007095,0.62189585,1947820800.0,8.420999,3.068,9.912,375.0,228.34,,,
2026-01-07,1455.0,0.7617728531855938,5500,8002500.0,7.007095,0.62189585,1947820800.0,8.420999,3.068,9.912,375.0,228.34,,,
2026-01-08,1469.0,0.9621993127147732,2700,3966300.0,7.007095,0.62189585,1947820800.0,8.420999,3.068,9.912,375.0,228.34,,,
2026-01-09,1470.0,0.0680735194009463,5800,8526000.0,7.007095,0.62189585,1947820800.0,8.420999,3.068,9.912,375.0,228.34,,,
2026-01-13,1462.0,-0.5442176870748328,5200,7602400.0,7.007095,0.62189585,1947820800.0,8.420999,3.068,9.912,375.0,228.34,,,
2026-01-14,1480.0,1.2311901504787892,5100,7548000.0,7.007095,0.62189585,1947820800.0,8.420999,3.068,9.912,375.0,228.34,,,
2026-01-15,1475.0,-0.3378378378378399,6600,9735000.0,7.007095,0.62189585,1947820800.0,8.420999,3.068,9.912,375.0,228.34,,,
2026-01-16,1475.0,0.0,4500,6637500.0,7.007095,0.62189585,1947820800.0,8.420999,3.068,9.912,375.0,228.34,,,
2026-01-19,1510.0,2.3728813559322104,13100,19781000.0,7.007095,0.62189585,1947820800.0,8.420999,3.068,9.912,375.0,228.34,,,
2026-01-20,1910.0,26.490066225165563,183000,349530000.0,7.007095,0.62189585,1947820800.0,8.420999,3.068,9.912,375.0,228.34,,,
2026-01-21,1694.0,-11.308900523560206,152000,257488000.0,7.007095,0.62189585,1947820800.0,8.420999,3.068,9.912,375.0,228.34,,,
2026-01-22,1653.0,-2.420306965761509,36500,60334500.0,7.007095,0.62189585,1947820800.0,8.420999,3.068,9.912,375.0,228.34,,,
2026-01-23,1605.0,-2.9038112522686066,14000,22470000.0,7.007095,0.62189585,1947820800.0,8.420999,3.068,9.912,375.0,228.34,,,
2026-01-26,1579.0,-1.6199376947040545,11400,18000600.0,7.007095,0.62189585,1947820800.0,8.420999,3.068,9.912,375.0,228.34,,,
2026-01-27,1570.0,-0.5699810006333128,4800,7536000.0,7.007095,0.62189585,1947820800.0,8.420999,3.068,9.912,375.0,228.34,,,
2026-01-28,1525.0,-2.86624203821656,8900,13572500.0,7.007095,0.62189585,1947820800.0,8.420999,3.068,9.912,375.0,228.34,,,
2026-01-29,1505.0,-1.3114754098360604,6500,9782500.0,7.007095,0.62189585,1947820800.0,8.420999,3.068,9.912,375.0,228.34,,,
2026-01-30,1501.0,-0.2657807308970139,2800,4202800.0,7.007095,0.62189585,1947820800.0,8.420999,3.068,9.912,375.0,228.34,,,
2026-02-02,1515.0,0.9327115256495766,12000,18180000.0,7.007095,0.62189585,1947820800.0,8.420999,3.068,9.912,375.0,228.34,,,
2026-02-03,1529.0,0.9240924092409176,4200,6421800.0,7.007095,0.62189585,1947820800.0,8.420999,3.068,9.912,375.0,228.34,,,
2026-02-04,1533.0,0.2616088947024142,5800,8891400.0,7.007095,0.62189585,1947820800.0,8.420999,3.068,9.912,375.0,228.34,,,
2026-02-05,1546.0,0.8480104370515384,5600,8657600.0,7.007095,0.62189585,1947820800.0,8.420999,3.068,9.912,375.0,228.34,,,
2026-02-06,1550.0,0.2587322121604174,5400,8370000.0,7.007095,0.62189585,1947820800.0,8.420999,3.068,9.912,375.0,228.34,,,
2026-02-09,1554.0,0.2580645161290418,7600,11810400.0,7.007095,0.62189585,1947820800.0,8.420999,3.068,9.912,375.0,228.34,,,
2026-02-10,1674.0,7.722007722007729,42300,70810200.0,7.007095,0.62189585,1947820800.0,8.420999,3.068,9.912,375.0,228.34,,,
2026-02-12,1626.0,-2.867383512544808,12500,20325000.0,7.007095,0.62189585,1947820800.0,8.420999,3.068,9.912,375.0,228.34,,,
2026-02-13,1599.0,-1.6605166051660514,8600,13751400.0,7.007095,0.62189585,1947820800.0,8.420999,3.068,9.912,375.0,228.34,,,
2026-02-16,1600.0,0.0,5200,8320000.0,,,,,,,,,1610.0,1610.0,1584.0
2026-02-17,1604.0,0.24999999999999467,2100,3368400.0,,,,,,,,,1600.0,1610.0,1590.0
2026-02-18,1652.0,2.9925187032418865,36100,59637200.0,,,,,,,,,1597.0,1686.0,1597.0
