日期,收盘,涨跌幅,成交量,成交额,PER,PBR,時価総額,営業利益率,ROA,ROE,配当利回り,EPS,开盘,最高,最低
2018-01-01,150.4100799560547,,0,0.0,3.4205775,1.0134666,25871923200.0,2.1590000000000003,1.979,-3.155,522.0,-15.52,,,
2018-01-02,150.4100799560547,0.0,0,0.0,3.4205775,1.0134666,25871923200.0,2.1590000000000003,1.979,-3.155,522.0,-15.52,,,
2018-01-03,150.4100799560547,0.0,0,0.0,3.4205775,1.0134666,25871923200.0,2.1590000000000003,1.979,-3.155,522.0,-15.52,,,
2018-01-04,141.2012939453125,-6.122452706249948,4209600,594400966.9921875,3.4205775,1.0134666,25871923200.0,2.1590000000000003,1.979,-3.155,522.0,-15.52,,,
2018-01-05,132.919189453125,-5.865459345857815,4754400,631950994.3359375,3.4205775,1.0134666,25871923200.0,2.1590000000000003,1.979,-3.155,522.0,-15.52,,,
2018-01-08,132.919189453125,0.0,0,0.0,3.4205775,1.0134666,25871923200.0,2.1590000000000003,1.979,-3.155,522.0,-15.52,,,
2018-01-09,139.75335693359375,5.141595813657052,4957200,692785340.9912109,3.4205775,1.0134666,25871923200.0,2.1590000000000003,1.979,-3.155,522.0,-15.52,,,
2018-01-10,140.2746124267578,0.372982448938064,2883600,404495872.3937988,3.4205775,1.0134666,25871923200.0,2.1590000000000003,1.979,-3.155,522.0,-15.52,,,
2018-01-11,137.72628784179688,-1.816668419805123,1078800,148579119.32373047,3.4205775,1.0134666,25871923200.0,2.1590000000000003,1.979,-3.155,522.0,-15.52,,,
2018-01-12,141.2012939453125,2.523124784650621,1494000,210954733.15429688,3.4205775,1.0134666,25871923200.0,2.1590000000000003,1.979,-3.155,522.0,-15.52,,,
2018-01-15,142.7071075439453,1.0664304529787172,736800,105146596.8383789,3.4205775,1.0134666,25871923200.0,2.1590000000000003,1.979,-3.155,522.0,-15.52,,,
2018-01-16,141.31712341308594,-0.9740118448069212,1009200,142617240.94848633,3.4205775,1.0134666,25871923200.0,2.1590000000000003,1.979,-3.155,522.0,-15.52,,,
2018-01-17,139.86920166015625,-1.0245904515741144,931200,130246200.5859375,3.4205775,1.0134666,25871923200.0,2.1590000000000003,1.979,-3.155,522.0,-15.52,,,
2018-01-18,142.18588256835938,1.656319533325168,615600,87529629.30908203,3.4205775,1.0134666,25871923200.0,2.1590000000000003,1.979,-3.155,522.0,-15.52,,,
2018-01-19,142.35958862304688,0.1221682853105976,493200,70211749.10888672,3.4205775,1.0134666,25871923200.0,2.1590000000000003,1.979,-3.155,522.0,-15.52,,,
2018-01-22,151.74215698242188,6.590752649769915,3914400,593979499.2919922,3.4205775,1.0134666,25871923200.0,2.1590000000000003,1.979,-3.155,522.0,-15.52,,,
2018-01-23,149.83090209960938,-1.2595411326820072,1038000,155524476.37939453,3.4205775,1.0134666,25871923200.0,2.1590000000000003,1.979,-3.155,522.0,-15.52,,,
2018-01-24,153.88507080078125,2.7058294679936035,1914000,294536025.5126953,3.4205775,1.0134666,25871923200.0,2.1590000000000003,1.979,-3.155,522.0,-15.52,,,
2018-01-25,152.2055206298828,-1.0914315223422677,1299600,197806294.6105957,3.4205775,1.0134666,25871923200.0,2.1590000000000003,1.979,-3.155,522.0,-15.52,,,
2018-01-26,148.3829803466797,-2.511433400959462,922800,136927814.26391602,3.4205775,1.0134666,25871923200.0,2.1590000000000003,1.979,-3.155,522.0,-15.52,,,
2018-01-29,148.73048400878906,0.2341937473539612,528000,78529695.55664062,3.4205775,1.0134666,25871923200.0,2.1590000000000003,1.979,-3.155,522.0,-15.52,,,
2018-01-30,153.30592346191406,3.076329296995106,860400,131904416.54663086,3.4205775,1.0134666,25871923200.0,2.1590000000000003,1.979,-3.155,522.0,-15.52,,,
2018-01-31,152.90048217773438,-0.2644655046746491,388800,59447707.470703125,3.4205775,1.0134666,25871923200.0,2.1590000000000003,1.979,-3.155,522.0,-15.52,,,
2018-02-01,141.60671997070312,-7.386348326817682,1026000,145288494.6899414,3.4205775,1.0134666,25871923200.0,2.1590000000000003,1.979,-3.155,522.0,-15.52,,,
2018-02-02,152.0896759033203,7.402866145608056,1969200,299494989.7888184,3.4205775,1.0134666,25871923200.0,2.1590000000000003,1.979,-3.155,522.0,-15.52,,,
2018-02-05,147.28256225585938,-3.160710034333103,585600,86248668.45703125,3.4205775,1.0134666,25871923200.0,2.1590000000000003,1.979,-3.155,522.0,-15.52,,,
2018-02-06,128.05416870117188,-13.055444758819393,1430400,183168682.91015625,3.4205775,1.0134666,25871923200.0,2.1590000000000003,1.979,-3.155,522.0,-15.52,,,
2018-02-07,131.41334533691406,2.6232466071301364,480000,63078405.76171875,3.4205775,1.0134666,25871923200.0,2.1590000000000003,1.979,-3.155,522.0,-15.52,,,
2018-02-08,131.99249267578125,0.440706640092281,276000,36429927.978515625,3.4205775,1.0134666,25871923200.0,2.1590000000000003,1.979,-3.155,522.0,-15.52,,,
2018-02-09,128.4016571044922,-2.720484702193926,439200,56394007.80029297,3.4205775,1.0134666,25871923200.0,2.1590000000000003,1.979,-3.155,522.0,-15.52,,,
2018-02-12,128.4016571044922,0.0,0,0.0,3.4205775,1.0134666,25871923200.0,2.1590000000000003,1.979,-3.155,522.0,-15.52,,,
2018-02-13,129.21249389648438,0.6314846788405104,274800,35507593.322753906,3.4205775,1.0134666,25871923200.0,2.1590000000000003,1.979,-3.155,522.0,-15.52,,,
2018-02-14,129.79164123535156,0.4482131111339438,213600,27723494.567871094,3.4205775,1.0134666,25871923200.0,2.1590000000000003,1.979,-3.155,522.0,-15.52,,,
2018-02-15,128.5753936767578,-0.9370769542765278,177600,22834989.916992188,3.4205775,1.0134666,25871923200.0,2.1590000000000003,1.979,-3.155,522.0,-15.52,,,
2018-02-16,128.5753936767578,0.0,252000,32400999.20654297,3.4205775,1.0134666,25871923200.0,2.1590000000000003,1.979,-3.155,522.0,-15.52,,,
2018-02-19,128.86500549316406,0.2252466884405057,206400,26597737.133789062,3.4205775,1.0134666,25871923200.0,2.1590000000000003,1.979,-3.155,522.0,-15.52,,,
2018-02-20,132.05043029785156,2.471908329570893,142800,18856801.446533203,3.4205775,1.0134666,25871923200.0,2.1590000000000003,1.979,-3.155,522.0,-15.52,,,
2018-02-21,130.60252380371094,-1.0964799515418069,225600,29463929.370117188,3.4205775,1.0134666,25871923200.0,2.1590000000000003,1.979,-3.155,522.0,-15.52,,,
2018-02-22,129.21249389648438,-1.0643208620651934,246000,31786273.49853516,3.4205775,1.0134666,25871923200.0,2.1590000000000003,1.979,-3.155,522.0,-15.52,,,
2018-02-23,129.27040100097656,0.0448154065802564,188400,24354543.548583984,3.4205775,1.0134666,25871923200.0,2.1590000000000003,1.979,-3.155,522.0,-15.52,,,
2018-02-26,129.73377990722656,0.3584570811739906,102000,13232845.55053711,3.4205775,1.0134666,25871923200.0,2.1590000000000003,1.979,-3.155,522.0,-15.52,,,
2018-02-27,126.0850067138672,-2.8125081963761733,336000,42364562.255859375,3.4205775,1.0134666,25871923200.0,2.1590000000000003,1.979,-3.155,522.0,-15.52,,,
2018-02-28,126.14290618896484,0.0459209834751117,192000,24219437.98828125,3.4205775,1.0134666,25871923200.0,2.1590000000000003,1.979,-3.155,522.0,-15.52,,,
2018-03-01,126.20079040527344,0.045887809356393,194400,24533433.65478516,3.4205775,1.0134666,25871923200.0,2.1590000000000003,1.979,-3.155,522.0,-15.52,,,
2018-03-02,125.85332489013672,-0.2753275268886135,216000,27184318.17626953,3.4205775,1.0134666,25871923200.0,2.1590000000000003,1.979,-3.155,522.0,-15.52,,,
2018-03-05,117.57122039794922,-6.580759387499169,230400,27088409.1796875,3.4205775,1.0134666,25871923200.0,2.1590000000000003,1.979,-3.155,522.0,-15.52,,,
2018-03-06,119.59829711914062,1.7241266309308223,79200,9472185.131835938,3.4205775,1.0134666,25871923200.0,2.1590000000000003,1.979,-3.155,522.0,-15.52,,,
2018-03-07,112.24285125732422,-6.150125912318893,451200,50643974.48730469,3.4205775,1.0134666,25871923200.0,2.1590000000000003,1.979,-3.155,522.0,-15.52,,,
2018-03-08,111.02661895751952,-1.0835721706822898,433200,48096731.33239746,3.4205775,1.0134666,25871923200.0,2.1590000000000003,1.979,-3.155,522.0,-15.52,,,
2018-03-09,110.44744873046876,-0.5216498822434468,162000,17892486.694335938,3.4205775,1.0134666,25871923200.0,2.1590000000000003,1.979,-3.155,522.0,-15.52,,,
2018-03-12,110.33161926269533,-0.1048729229192968,207600,22904844.158935547,3.4205775,1.0134666,25871923200.0,2.1590000000000003,1.979,-3.155,522.0,-15.52,,,
2018-03-13,109.9840850830078,-0.3149905548472276,244800,26924104.028320312,3.4205775,1.0134666,25871923200.0,2.1590000000000003,1.979,-3.155,522.0,-15.52,,,
2018-03-14,108.59410858154295,-1.263797848948589,211200,22935075.732421875,3.4205775,1.0134666,25871923200.0,2.1590000000000003,1.979,-3.155,522.0,-15.52,,,
2018-03-15,118.72955322265624,9.33332827489679,706800,83918048.21777344,3.4205775,1.0134666,25871923200.0,2.1590000000000003,1.979,-3.155,522.0,-15.52,,,
2018-03-16,114.3857879638672,-3.658537525735572,434400,49689186.29150391,3.4205775,1.0134666,25871923200.0,2.1590000000000003,1.979,-3.155,522.0,-15.52,,,
2018-03-19,116.12328338623048,1.51897840919899,235200,27312196.252441406,3.4205775,1.0134666,25871923200.0,2.1590000000000003,1.979,-3.155,522.0,-15.52,,,
2018-03-20,113.5170440673828,-2.2443727414933723,308400,35008656.39038086,3.4205775,1.0134666,25871923200.0,2.1590000000000003,1.979,-3.155,522.0,-15.52,,,
2018-03-21,113.5170440673828,0.0,0,0.0,3.4205775,1.0134666,25871923200.0,2.1590000000000003,1.979,-3.155,522.0,-15.52,,,
2018-03-22,113.80660247802734,0.2550792376805111,182400,20758324.291992188,3.4205775,1.0134666,25871923200.0,2.1590000000000003,1.979,-3.155,522.0,-15.52,,,
2018-03-23,109.69452667236328,-3.613213746942301,274800,30144055.92956543,3.4205775,1.0134666,25871923200.0,2.1590000000000003,1.979,-3.155,522.0,-15.52,,,
2018-03-26,116.52870178222656,6.230187883736127,451200,52577750.24414063,3.4205775,1.0134666,25871923200.0,2.1590000000000003,1.979,-3.155,522.0,-15.52,,,
2018-03-27,118.5557861328125,1.7395579969424535,284400,33717265.576171875,3.4205775,1.0134666,25871923200.0,2.1590000000000003,1.979,-3.155,522.0,-15.52,,,
2018-03-28,117.32390594482422,-1.0390721770494271,146400,17176219.830322266,3.4205775,1.0134666,25871923200.0,2.1590000000000003,1.979,-3.155,522.0,-15.52,,,
2018-03-29,117.61720275878906,0.2499889614165917,118800,13972923.68774414,3.4205775,1.0134666,25871923200.0,2.1590000000000003,1.979,-3.155,522.0,-15.52,,,
2018-03-30,117.67587280273438,0.0498821962852114,264000,31066430.419921875,3.4205775,1.0134666,25871923200.0,2.1590000000000003,1.979,-3.155,522.0,-15.52,,,
2018-04-02,127.12042999267578,8.025907915528062,411600,52322768.98498535,3.4205775,1.0134666,25871923200.0,2.1590000000000003,1.979,-3.155,522.0,-15.52,,,
2018-04-03,124.83262634277344,-1.7997135865841174,156000,19473889.709472656,3.4205775,1.0134666,25871923200.0,2.1590000000000003,1.979,-3.155,522.0,-15.52,,,
2018-04-04,126.12321472167967,1.0338550238961242,176400,22248135.076904297,3.4205775,1.0134666,25871923200.0,2.1590000000000003,1.979,-3.155,522.0,-15.52,,,
2018-04-05,125.00860595703124,-0.8837459202955422,97200,12150836.499023438,3.4205775,1.0134666,25871923200.0,2.1590000000000003,1.979,-3.155,522.0,-15.52,,,
2018-04-06,120.60897827148438,-3.519459841876116,129600,15630923.583984377,3.4205775,1.0134666,25871923200.0,2.1590000000000003,1.979,-3.155,522.0,-15.52,,,
2018-04-09,121.1369171142578,0.4377276470952873,162000,19624180.57250977,3.4205775,1.0134666,25871923200.0,2.1590000000000003,1.979,-3.155,522.0,-15.52,,,
2018-04-10,121.84088134765624,0.5811310459010954,98400,11989142.724609377,3.4205775,1.0134666,25871923200.0,2.1590000000000003,1.979,-3.155,522.0,-15.52,,,
2018-04-11,119.7290267944336,-1.733288966612745,79200,9482538.92211914,3.4205775,1.0134666,25871923200.0,2.1590000000000003,1.979,-3.155,522.0,-15.52,,,
2018-04-12,124.94993591308594,4.360604323307737,183600,22940808.23364257,3.4205775,1.0134666,25871923200.0,2.1590000000000003,1.979,-3.155,522.0,-15.52,,,
2018-04-13,129.52560424804688,3.6620013459980782,216000,27977530.517578125,3.4205775,1.0134666,25871923200.0,2.1590000000000003,1.979,-3.155,522.0,-15.52,,,
2018-04-16,131.05079650878906,1.1775218263575082,306000,40101543.73168945,3.4205775,1.0134666,25871923200.0,2.1590000000000003,1.979,-3.155,522.0,-15.52,,,
2018-04-17,124.36333465576172,-5.102953992789228,182400,22683872.241210938,3.4205775,1.0134666,25871923200.0,2.1590000000000003,1.979,-3.155,522.0,-15.52,,,
2018-04-18,125.0672836303711,0.5660422153827893,48000,6003229.6142578125,3.4205775,1.0134666,25871923200.0,2.1590000000000003,1.979,-3.155,522.0,-15.52,,,
2018-04-19,124.65664672851562,-0.328332790107666,68400,8526514.636230469,3.4205775,1.0134666,25871923200.0,2.1590000000000003,1.979,-3.155,522.0,-15.52,,,
2018-04-20,124.53932189941406,-0.0941183901385422,76800,9564619.921875,3.4205775,1.0134666,25871923200.0,2.1590000000000003,1.979,-3.155,522.0,-15.52,,,
2018-04-23,124.5979995727539,0.0471157803374255,116400,14503207.150268557,3.4205775,1.0134666,25871923200.0,2.1590000000000003,1.979,-3.155,522.0,-15.52,,,
2018-04-24,125.18460083007812,0.4707950844601516,88800,11116392.553710938,3.4205775,1.0134666,25871923200.0,2.1590000000000003,1.979,-3.155,522.0,-15.52,,,
2018-04-25,124.0700454711914,-0.8903294426760855,50400,6253130.291748047,3.4205775,1.0134666,25871923200.0,2.1590000000000003,1.979,-3.155,522.0,-15.52,,,
2018-04-26,124.30463409423828,0.1890775667534816,19200,2386648.974609375,3.4205775,1.0134666,25871923200.0,2.1590000000000003,1.979,-3.155,522.0,-15.52,,,
2018-04-27,124.30463409423828,0.0,80400,9994092.581176758,3.4205775,1.0134666,25871923200.0,2.1590000000000003,1.979,-3.155,522.0,-15.52,,,
2018-04-30,124.30463409423828,0.0,0,0.0,3.4205775,1.0134666,25871923200.0,2.1590000000000003,1.979,-3.155,522.0,-15.52,,,
2018-05-01,124.01136779785156,-0.2359254733531379,44400,5506104.730224609,3.4205775,1.0134666,25871923200.0,2.1590000000000003,1.979,-3.155,522.0,-15.52,,,
2018-05-02,122.8967742919922,-0.8987833338603646,58800,7226330.328369141,3.4205775,1.0134666,25871923200.0,2.1590000000000003,1.979,-3.155,522.0,-15.52,,,
2018-05-03,122.8967742919922,0.0,0,0.0,3.4205775,1.0134666,25871923200.0,2.1590000000000003,1.979,-3.155,522.0,-15.52,,,
2018-05-04,122.8967742919922,0.0,0,0.0,3.4205775,1.0134666,25871923200.0,2.1590000000000003,1.979,-3.155,522.0,-15.52,,,
2018-05-07,124.0700454711914,0.9546802069935856,45600,5657594.073486328,3.4205775,1.0134666,25871923200.0,2.1590000000000003,1.979,-3.155,522.0,-15.52,,,
2018-05-08,128.76295471191406,3.7824675753925785,207600,26731189.39819336,3.4205775,1.0134666,25871923200.0,2.1590000000000003,1.979,-3.155,522.0,-15.52,,,
2018-05-09,128.00035095214844,-0.5922540077399008,48000,6144016.845703125,3.4205775,1.0134666,25871923200.0,2.1590000000000003,1.979,-3.155,522.0,-15.52,,,
2018-05-10,131.05079650878906,2.3831540569611454,332400,43561284.759521484,3.4205775,1.0134666,25871923200.0,2.1590000000000003,1.979,-3.155,522.0,-15.52,,,
2018-05-11,130.52285766601562,-0.4028505410404226,108000,14096468.627929688,3.4205775,1.0134666,25871923200.0,2.1590000000000003,1.979,-3.155,522.0,-15.52,,,
2018-05-14,127.88306427001952,-2.022475942681889,134400,17187483.837890625,3.4205775,1.0134666,25871923200.0,2.1590000000000003,1.979,-3.155,522.0,-15.52,,,
2018-05-15,129.05628967285156,0.9174204649607276,122400,15796489.855957031,3.4205775,1.0134666,25871923200.0,2.1590000000000003,1.979,-3.155,522.0,-15.52,,,
2018-05-16,122.8967742919922,-4.772735522207638,164400,20204229.69360352,3.4205775,1.0134666,25871923200.0,2.1590000000000003,1.979,-3.155,522.0,-15.52,,,
2018-05-17,120.60897827148438,-1.86155904716604,81600,9841692.626953123,3.4205775,1.0134666,25871923200.0,2.1590000000000003,1.979,-3.155,522.0,-15.52,,,
2018-05-18,120.31566619873048,-0.2431925690421499,115200,13860364.74609375,3.4205775,1.0134666,25871923200.0,2.1590000000000003,1.979,-3.155,522.0,-15.52,,,
2018-05-21,116.7959442138672,-2.925406221871063,186000,21724045.623779297,3.4205775,1.0134666,25871923200.0,2.1590000000000003,1.979,-3.155,522.0,-15.52,,,
2018-05-22,116.1506576538086,-0.5524905547036774,63600,7387181.826782227,3.4205775,1.0134666,25871923200.0,2.1590000000000003,1.979,-3.155,522.0,-15.52,,,
2018-05-23,111.51634979248048,-3.989910995718038,140400,15656895.510864258,3.4205775,1.0134666,25871923200.0,2.1590000000000003,1.979,-3.155,522.0,-15.52,,,
2018-05-24,111.9856414794922,0.4208276973600933,206400,23113836.401367188,3.4205775,1.0134666,25871923200.0,2.1590000000000003,1.979,-3.155,522.0,-15.52,,,
2018-05-25,111.45768737792967,-0.4714480308256163,243600,27151092.645263672,3.4205775,1.0134666,25871923200.0,2.1590000000000003,1.979,-3.155,522.0,-15.52,,,
2018-05-28,112.10299682617188,0.5789725800195988,58800,6591656.213378906,3.4205775,1.0134666,25871923200.0,2.1590000000000003,1.979,-3.155,522.0,-15.52,,,
2018-05-29,114.4494400024414,2.093113692498294,117600,13459254.14428711,3.4205775,1.0134666,25871923200.0,2.1590000000000003,1.979,-3.155,522.0,-15.52,,,
2018-05-30,109.69786071777344,-4.151684171252046,218400,23958012.78076172,3.4205775,1.0134666,25871923200.0,2.1590000000000003,1.979,-3.155,522.0,-15.52,,,
2018-05-31,108.64192199707033,-0.9625882526732245,150000,16296288.299560549,3.4205775,1.0134666,25871923200.0,2.1590000000000003,1.979,-3.155,522.0,-15.52,,,
2018-06-01,112.04431915283205,3.131753464241438,102000,11428520.553588867,3.4205775,1.0134666,25871923200.0,2.1590000000000003,1.979,-3.155,522.0,-15.52,,,
2018-06-04,112.3962860107422,0.3141318190617692,55200,6204274.987792969,3.4205775,1.0134666,25871923200.0,2.1590000000000003,1.979,-3.155,522.0,-15.52,,,
2018-06-05,117.03057861328124,4.123172363627869,360000,42131008.30078125,3.4205775,1.0134666,25871923200.0,2.1590000000000003,1.979,-3.155,522.0,-15.52,,,
2018-06-06,118.37982940673828,1.1529044882496289,128400,15199970.095825195,3.4205775,1.0134666,25871923200.0,2.1590000000000003,1.979,-3.155,522.0,-15.52,,,
2018-06-07,118.55579376220705,0.1486438664007217,85200,10100953.62854004,3.4205775,1.0134666,25871923200.0,2.1590000000000003,1.979,-3.155,522.0,-15.52,,,
2018-06-08,118.55579376220705,0.0,52800,6259745.910644531,3.4205775,1.0134666,25871923200.0,2.1590000000000003,1.979,-3.155,522.0,-15.52,,,
2018-06-11,117.91050720214844,-0.5442893506772628,40800,4810748.693847656,3.4205775,1.0134666,25871923200.0,2.1590000000000003,1.979,-3.155,522.0,-15.52,,,
2018-06-12,117.7345199584961,-0.1492549288678923,44400,5227412.686157227,3.4205775,1.0134666,25871923200.0,2.1590000000000003,1.979,-3.155,522.0,-15.52,,,
2018-06-13,117.49989318847656,-0.1992846024277739,21600,2537997.6928710938,3.4205775,1.0134666,25871923200.0,2.1590000000000003,1.979,-3.155,522.0,-15.52,,,
2018-06-14,117.32390594482422,-0.149776513728439,79200,9292053.350830078,3.4205775,1.0134666,25871923200.0,2.1590000000000003,1.979,-3.155,522.0,-15.52,,,
2018-06-15,120.8436279296875,3.00000409679384,159600,19286643.017578125,3.4205775,1.0134666,25871923200.0,2.1590000000000003,1.979,-3.155,522.0,-15.52,,,
2018-06-18,122.48614501953124,1.3592086881067944,153600,18813871.875,3.4205775,1.0134666,25871923200.0,2.1590000000000003,1.979,-3.155,522.0,-15.52,,,
2018-06-19,118.02783203125,-3.6398508480859904,114000,13455172.8515625,3.4205775,1.0134666,25871923200.0,2.1590000000000003,1.979,-3.155,522.0,-15.52,,,
2018-06-20,115.44671630859376,-2.186870400172103,127200,14684822.314453123,3.4205775,1.0134666,25871923200.0,2.1590000000000003,1.979,-3.155,522.0,-15.52,,,
2018-06-21,112.98291778564452,-2.1341434401333514,97200,10981939.608764648,3.4205775,1.0134666,25871923200.0,2.1590000000000003,1.979,-3.155,522.0,-15.52,,,
2018-06-22,111.7510223388672,-1.090337788155327,88800,9923490.783691406,3.4205775,1.0134666,25871923200.0,2.1590000000000003,1.979,-3.155,522.0,-15.52,,,
2018-06-25,111.45768737792967,-0.2624897336938936,142800,15916157.75756836,3.4205775,1.0134666,25871923200.0,2.1590000000000003,1.979,-3.155,522.0,-15.52,,,
2018-06-26,109.16989135742188,-2.0526139329899884,104400,11397336.657714844,3.4205775,1.0134666,25871923200.0,2.1590000000000003,1.979,-3.155,522.0,-15.52,,,
2018-06-27,106.82341003417967,-2.14938504936294,266400,28457756.43310547,3.4205775,1.0134666,25871923200.0,2.1590000000000003,1.979,-3.155,522.0,-15.52,,,
2018-06-28,104.30093383789062,-2.36135150102581,202800,21152229.38232422,3.4205775,1.0134666,25871923200.0,2.1590000000000003,1.979,-3.155,522.0,-15.52,,,
2018-06-29,105.82614135742188,1.4623143469662423,160800,17016843.530273438,3.4205775,1.0134666,25871923200.0,2.1590000000000003,1.979,-3.155,522.0,-15.52,,,
2018-07-02,104.00764465332033,-1.718381376071998,97200,10109543.060302734,3.4205775,1.0134666,25871923200.0,2.1590000000000003,1.979,-3.155,522.0,-15.52,,,
2018-07-03,103.2450180053711,-0.7332409559808961,40800,4212396.734619141,3.4205775,1.0134666,25871923200.0,2.1590000000000003,1.979,-3.155,522.0,-15.52,,,
2018-07-04,102.07179260253906,-1.1363506205897431,81600,8329058.2763671875,3.4205775,1.0134666,25871923200.0,2.1590000000000003,1.979,-3.155,522.0,-15.52,,,
2018-07-05,100.1946029663086,-1.839087556285135,58800,5891442.654418945,3.4205775,1.0134666,25871923200.0,2.1590000000000003,1.979,-3.155,522.0,-15.52,,,
2018-07-06,101.30919647216795,1.1124286866371014,43200,4376557.287597656,3.4205775,1.0134666,25871923200.0,2.1590000000000003,1.979,-3.155,522.0,-15.52,,,
2018-07-09,105.76750183105467,4.400691658936928,109200,11549811.199951172,3.4205775,1.0134666,25871923200.0,2.1590000000000003,1.979,-3.155,522.0,-15.52,,,
2018-07-10,104.30093383789062,-1.386596041104049,206400,21527712.744140625,3.4205775,1.0134666,25871923200.0,2.1590000000000003,1.979,-3.155,522.0,-15.52,,,
2018-07-11,108.4659423828125,3.993261030045359,103200,11193685.25390625,3.4205775,1.0134666,25871923200.0,2.1590000000000003,1.979,-3.155,522.0,-15.52,,,
2018-07-12,107.99666595458984,-0.4326486433561038,75600,8164547.946166992,3.4205775,1.0134666,25871923200.0,2.1590000000000003,1.979,-3.155,522.0,-15.52,,,
2018-07-13,108.87657928466795,0.8147597171639598,57600,6271290.966796875,3.4205775,1.0134666,25871923200.0,2.1590000000000003,1.979,-3.155,522.0,-15.52,,,
2018-07-16,108.87657928466795,0.0,0,0.0,3.4205775,1.0134666,25871923200.0,2.1590000000000003,1.979,-3.155,522.0,-15.52,,,
2018-07-17,107.93798065185548,-0.8620757916709021,39600,4274344.033813477,3.4205775,1.0134666,25871923200.0,2.1590000000000003,1.979,-3.155,522.0,-15.52,,,
2018-07-18,106.82341003417967,-1.0326028066716677,51600,5512087.957763672,3.4205775,1.0134666,25871923200.0,2.1590000000000003,1.979,-3.155,522.0,-15.52,,,
2018-07-19,106.53010559082033,-0.2745694443432644,88800,9459873.376464844,3.4205775,1.0134666,25871923200.0,2.1590000000000003,1.979,-3.155,522.0,-15.52,,,
2018-07-20,105.9434585571289,-0.5506866161803181,148800,15764386.63330078,3.4205775,1.0134666,25871923200.0,2.1590000000000003,1.979,-3.155,522.0,-15.52,,,
2018-07-23,103.47968292236328,-2.325557111614452,102000,10554927.658081057,3.4205775,1.0134666,25871923200.0,2.1590000000000003,1.979,-3.155,522.0,-15.52,,,
2018-07-24,104.4769287109375,0.963711677897594,58800,6143243.408203125,3.4205775,1.0134666,25871923200.0,2.1590000000000003,1.979,-3.155,522.0,-15.52,,,
2018-07-25,104.24227905273438,-0.2245947130129932,50400,5253810.8642578125,3.4205775,1.0134666,25871923200.0,2.1590000000000003,1.979,-3.155,522.0,-15.52,,,
2018-07-26,104.4769287109375,0.2251002763326237,49200,5140264.892578125,3.4205775,1.0134666,25871923200.0,2.1590000000000003,1.979,-3.155,522.0,-15.52,,,
2018-07-27,105.5915069580078,1.0668175843435046,106800,11277172.943115234,3.4205775,1.0134666,25871923200.0,2.1590000000000003,1.979,-3.155,522.0,-15.52,,,
2018-07-30,106.47142791748048,0.8333255058312394,74400,7921474.237060547,3.4205775,1.0134666,25871923200.0,2.1590000000000003,1.979,-3.155,522.0,-15.52,,,
2018-07-31,105.9434585571289,-0.4958789138817199,69600,7373664.715576172,3.4205775,1.0134666,25871923200.0,2.1590000000000003,1.979,-3.155,522.0,-15.52,,,
2018-08-01,105.76750183105467,-0.1660855030321095,111600,11803653.204345703,3.4205775,1.0134666,25871923200.0,2.1590000000000003,1.979,-3.155,522.0,-15.52,,,
2018-08-02,109.6392059326172,3.6605800785073583,159600,17498417.266845703,3.4205775,1.0134666,25871923200.0,2.1590000000000003,1.979,-3.155,522.0,-15.52,,,
2018-08-03,115.44671630859376,5.296928527141809,313200,36157911.54785156,3.4205775,1.0134666,25871923200.0,2.1590000000000003,1.979,-3.155,522.0,-15.52,,,
2018-08-06,117.08924865722656,1.4227622934222417,621600,72782676.96533203,3.4205775,1.0134666,25871923200.0,2.1590000000000003,1.979,-3.155,522.0,-15.52,,,
2018-08-07,118.49713134765624,1.202401336224468,270000,31994225.463867188,3.4205775,1.0134666,25871923200.0,2.1590000000000003,1.979,-3.155,522.0,-15.52,,,
2018-08-08,117.49989318847656,-0.8415715619763953,175200,20585981.286621094,3.4205775,1.0134666,25871923200.0,2.1590000000000003,1.979,-3.155,522.0,-15.52,,,
2018-08-09,117.32390594482422,-0.149776513728439,96000,11263094.970703123,3.4205775,1.0134666,25871923200.0,2.1590000000000003,1.979,-3.155,522.0,-15.52,,,
2018-08-10,116.85459899902344,-0.4000096502254968,121200,14162777.39868164,3.4205775,1.0134666,25871923200.0,2.1590000000000003,1.979,-3.155,522.0,-15.52,,,
2018-08-13,118.2038345336914,1.1546276708195746,309600,36595907.17163086,3.4205775,1.0134666,25871923200.0,2.1590000000000003,1.979,-3.155,522.0,-15.52,,,
2018-08-14,117.55853271484376,-0.545922914762742,195600,22994448.99902344,3.4205775,1.0134666,25871923200.0,2.1590000000000003,1.979,-3.155,522.0,-15.52,,,
2018-08-15,117.26522827148438,-0.2494965159788309,175200,20544867.993164062,3.4205775,1.0134666,25871923200.0,2.1590000000000003,1.979,-3.155,522.0,-15.52,,,
2018-08-16,120.8436279296875,3.051543676629076,354000,42778644.287109375,3.4205775,1.0134666,25871923200.0,2.1590000000000003,1.979,-3.155,522.0,-15.52,,,
2018-08-17,125.0672836303711,3.4951414261918057,417600,52228097.64404297,3.4205775,1.0134666,25871923200.0,2.1590000000000003,1.979,-3.155,522.0,-15.52,,,
2018-08-20,128.46966552734375,2.720441188303236,2248800,288902583.8378906,3.4205775,1.0134666,25871923200.0,2.1590000000000003,1.979,-3.155,522.0,-15.52,,,
2018-08-21,121.89952850341795,-5.114154377966662,620400,75626467.48352051,3.4205775,1.0134666,25871923200.0,2.1590000000000003,1.979,-3.155,522.0,-15.52,,,
2018-08-22,125.7125473022461,3.128001269275793,256800,32282982.1472168,3.4205775,1.0134666,25871923200.0,2.1590000000000003,1.979,-3.155,522.0,-15.52,,,
2018-08-23,125.2432632446289,-0.3732992988272676,334800,41931444.53430176,3.4205775,1.0134666,25871923200.0,2.1590000000000003,1.979,-3.155,522.0,-15.52,,,
2018-08-24,127.17913055419922,1.5456857793533452,188400,23960548.196411133,3.4205775,1.0134666,25871923200.0,2.1590000000000003,1.979,-3.155,522.0,-15.52,,,
2018-08-27,125.59524536132812,-1.245397091463918,504000,63300003.662109375,3.4205775,1.0134666,25871923200.0,2.1590000000000003,1.979,-3.155,522.0,-15.52,,,
2018-08-28,123.77669525146484,-1.447945027402464,228000,28221086.517333984,3.4205775,1.0134666,25871923200.0,2.1590000000000003,1.979,-3.155,522.0,-15.52,,,
2018-08-29,124.36333465576172,0.4739498038019762,99600,12386588.131713867,3.4205775,1.0134666,25871923200.0,2.1590000000000003,1.979,-3.155,522.0,-15.52,,,
2018-08-30,123.1900863647461,-0.943403692304634,80400,9904482.943725586,3.4205775,1.0134666,25871923200.0,2.1590000000000003,1.979,-3.155,522.0,-15.52,,,
2018-08-31,122.19283294677734,-0.8095240837936002,374400,45748996.65527344,3.4205775,1.0134666,25871923200.0,2.1590000000000003,1.979,-3.155,522.0,-15.52,,,
2018-09-03,117.32390594482422,-3.9846256810117886,363600,42658972.201538086,3.4205775,1.0134666,25871923200.0,2.1590000000000003,1.979,-3.155,522.0,-15.52,,,
2018-09-04,116.61997985839844,-0.5999852125250782,208800,24350251.7944336,3.4205775,1.0134666,25871923200.0,2.1590000000000003,1.979,-3.155,522.0,-15.52,,,
2018-09-05,113.86284637451172,-2.3642033614089675,274800,31289510.18371582,3.4205775,1.0134666,25871923200.0,2.1590000000000003,1.979,-3.155,522.0,-15.52,,,
2018-09-06,113.39356231689452,-0.4121485388426382,142800,16192600.69885254,3.4205775,1.0134666,25871923200.0,2.1590000000000003,1.979,-3.155,522.0,-15.52,,,
2018-09-07,112.63094329833984,-0.6725417236857267,235200,26490797.86376953,3.4205775,1.0134666,25871923200.0,2.1590000000000003,1.979,-3.155,522.0,-15.52,,,
2018-09-10,117.26522827148438,4.11457530003021,153600,18011939.0625,3.4205775,1.0134666,25871923200.0,2.1590000000000003,1.979,-3.155,522.0,-15.52,,,
2018-09-11,116.97190856933594,-0.2501335702595142,216000,25265932.25097656,3.4205775,1.0134666,25871923200.0,2.1590000000000003,1.979,-3.155,522.0,-15.52,,,
2018-09-12,113.68685913085938,-2.808408855301636,230400,26193452.34375,3.4205775,1.0134666,25871923200.0,2.1590000000000003,1.979,-3.155,522.0,-15.52,,,
2018-09-13,112.63094329833984,-0.9287932137381992,138000,15543070.175170898,3.4205775,1.0134666,25871923200.0,2.1590000000000003,1.979,-3.155,522.0,-15.52,,,
2018-09-14,113.68685913085938,0.9375006562118536,61200,6957635.778808594,3.4205775,1.0134666,25871923200.0,2.1590000000000003,1.979,-3.155,522.0,-15.52,,,
2018-09-17,113.68685913085938,0.0,0,0.0,3.4205775,1.0134666,25871923200.0,2.1590000000000003,1.979,-3.155,522.0,-15.52,,,
2018-09-18,114.21483612060548,0.4644133840819409,187200,21381017.321777344,3.4205775,1.0134666,25871923200.0,2.1590000000000003,1.979,-3.155,522.0,-15.52,,,
2018-09-19,113.2175750732422,-0.8731449269079428,91200,10325442.846679688,3.4205775,1.0134666,25871923200.0,2.1590000000000003,1.979,-3.155,522.0,-15.52,,,
2018-09-20,113.33489227294922,0.1036210143444016,115200,13056179.58984375,3.4205775,1.0134666,25871923200.0,2.1590000000000003,1.979,-3.155,522.0,-15.52,,,
2018-09-21,113.8041763305664,0.4140684728291655,159600,18163146.5423584,3.4205775,1.0134666,25871923200.0,2.1590000000000003,1.979,-3.155,522.0,-15.52,,,
2018-09-24,113.8041763305664,0.0,0,0.0,3.4205775,1.0134666,25871923200.0,2.1590000000000003,1.979,-3.155,522.0,-15.52,,,
2018-09-25,113.45220947265624,-0.3092741138847166,128400,14567263.696289062,3.4205775,1.0134666,25871923200.0,2.1590000000000003,1.979,-3.155,522.0,-15.52,,,
2018-09-26,115.8914031982422,2.1499746341862247,142800,16549292.376708984,3.4205775,1.0134666,25871923200.0,2.1590000000000003,1.979,-3.155,522.0,-15.52,,,
2018-09-27,116.0103759765625,0.1026588470214751,94800,10997783.642578123,3.4205775,1.0134666,25871923200.0,2.1590000000000003,1.979,-3.155,522.0,-15.52,,,
2018-09-28,116.84329223632812,0.717967037650058,99600,11637591.90673828,3.4205775,1.0134666,25871923200.0,2.1590000000000003,1.979,-3.155,522.0,-15.52,,,
2018-10-01,121.3647232055664,3.869653860910738,286800,34807402.615356445,3.4205775,1.0134666,25871923200.0,2.1590000000000003,1.979,-3.155,522.0,-15.52,,,
2018-10-02,119.7584228515625,-1.3235315102916425,266400,31903643.84765625,3.4205775,1.0134666,25871923200.0,2.1590000000000003,1.979,-3.155,522.0,-15.52,,,
2018-10-03,118.92550659179688,-0.6954970180243603,86400,10275163.76953125,3.4205775,1.0134666,25871923200.0,2.1590000000000003,1.979,-3.155,522.0,-15.52,,,
2018-10-04,120.3533172607422,1.2005924631846687,94800,11409494.47631836,3.4205775,1.0134666,25871923200.0,2.1590000000000003,1.979,-3.155,522.0,-15.52,,,
2018-10-05,118.4495849609375,-1.581786313110345,86400,10234044.140625,3.4205775,1.0134666,25871923200.0,2.1590000000000003,1.979,-3.155,522.0,-15.52,,,
2018-10-08,118.4495849609375,0.0,0,0.0,3.4205775,1.0134666,25871923200.0,2.1590000000000003,1.979,-3.155,522.0,-15.52,,,
2018-10-09,119.8774185180664,1.2054356776343145,127200,15248407.635498049,3.4205775,1.0134666,25871923200.0,2.1590000000000003,1.979,-3.155,522.0,-15.52,,,
2018-10-10,118.98502349853516,-0.7444229535162661,56400,6710755.325317383,3.4205775,1.0134666,25871923200.0,2.1590000000000003,1.979,-3.155,522.0,-15.52,,,
2018-10-11,115.41546630859376,-3.0000054502534512,308400,35594129.80957031,3.4205775,1.0134666,25871923200.0,2.1590000000000003,1.979,-3.155,522.0,-15.52,,,
2018-10-12,117.14073181152344,1.4948304227413889,147600,17289972.01538086,3.4205775,1.0134666,25871923200.0,2.1590000000000003,1.979,-3.155,522.0,-15.52,,,
2018-10-15,115.3559799194336,-1.523596331087862,88800,10243611.016845703,3.4205775,1.0134666,25871923200.0,2.1590000000000003,1.979,-3.155,522.0,-15.52,,,
2018-10-16,115.83192443847656,0.4125876433760833,67200,7783905.322265625,3.4205775,1.0134666,25871923200.0,2.1590000000000003,1.979,-3.155,522.0,-15.52,,,
2018-10-17,115.77242279052734,-0.0513689539715978,103200,11947714.031982422,3.4205775,1.0134666,25871923200.0,2.1590000000000003,1.979,-3.155,522.0,-15.52,,,
2018-10-18,115.53443145751952,-0.205568240925924,67200,7763913.793945312,3.4205775,1.0134666,25871923200.0,2.1590000000000003,1.979,-3.155,522.0,-15.52,,,
2018-10-19,115.3559799194336,-0.1544574511984753,105600,12181591.479492188,3.4205775,1.0134666,25871923200.0,2.1590000000000003,1.979,-3.155,522.0,-15.52,,,
2018-10-22,115.41546630859376,0.0515676683616295,78000,9002406.372070312,3.4205775,1.0134666,25871923200.0,2.1590000000000003,1.979,-3.155,522.0,-15.52,,,
2018-10-23,114.3446044921875,-0.9278321620631136,51600,5900181.591796875,3.4205775,1.0134666,25871923200.0,2.1590000000000003,1.979,-3.155,522.0,-15.52,,,
2018-10-24,113.690185546875,-0.5723216659140329,86400,9822832.03125,3.4205775,1.0134666,25871923200.0,2.1590000000000003,1.979,-3.155,522.0,-15.52,,,
2018-10-25,108.51432800292967,-4.552598378697592,366000,39716244.049072266,3.4205775,1.0134666,25871923200.0,2.1590000000000003,1.979,-3.155,522.0,-15.52,,,
2018-10-26,106.07514190673828,-2.2478009504196983,548400,58171607.82165527,3.4205775,1.0134666,25871923200.0,2.1590000000000003,1.979,-3.155,522.0,-15.52,,,
2018-10-29,99.82842254638672,-5.888956873462126,843600,84215257.26013184,3.4205775,1.0134666,25871923200.0,2.1590000000000003,1.979,-3.155,522.0,-15.52,,,
2018-10-30,95.60445404052734,-4.231228339701199,445200,42563102.93884277,3.4205775,1.0134666,25871923200.0,2.1590000000000003,1.979,-3.155,522.0,-15.52,,,
2018-10-31,102.0296630859375,6.720616847711369,235200,23997376.7578125,3.4205775,1.0134666,25871923200.0,2.1590000000000003,1.979,-3.155,522.0,-15.52,,,
2018-11-01,102.0296630859375,0.0,87600,8937798.486328125,3.4205775,1.0134666,25871923200.0,2.1590000000000003,1.979,-3.155,522.0,-15.52,,,
2018-11-02,105.06378173828124,2.973761316636092,82800,8699281.127929688,3.4205775,1.0134666,25871923200.0,2.1590000000000003,1.979,-3.155,522.0,-15.52,,,
2018-11-05,104.76629638671876,-0.2831473859408073,187200,19612250.68359375,3.4205775,1.0134666,25871923200.0,2.1590000000000003,1.979,-3.155,522.0,-15.52,,,
2018-11-06,104.70679473876952,-0.0567946467531776,87600,9172315.219116213,3.4205775,1.0134666,25871923200.0,2.1590000000000003,1.979,-3.155,522.0,-15.52,,,
2018-11-07,103.63594818115234,-1.0227097107583294,297600,30842058.178710938,3.4205775,1.0134666,25871923200.0,2.1590000000000003,1.979,-3.155,522.0,-15.52,,,
2018-11-08,87.51348114013672,-15.55682880696384,1851600,162039961.67907715,3.4205775,1.0134666,25871923200.0,2.1590000000000003,1.979,-3.155,522.0,-15.52,,,
2018-11-09,81.80219268798828,-6.526181312571556,1347600,110236634.866333,3.4205775,1.0134666,25871923200.0,2.1590000000000003,1.979,-3.155,522.0,-15.52,,,
2018-11-12,82.99205780029297,1.4545638365014213,464400,38541511.642456055,3.4205775,1.0134666,25871923200.0,2.1590000000000003,1.979,-3.155,522.0,-15.52,,,
2018-11-13,81.92118835449219,-1.2903276219245696,318000,26050937.89672852,3.4205775,1.0134666,25871923200.0,2.1590000000000003,1.979,-3.155,522.0,-15.52,,,
2018-11-14,80.96929931640625,-1.161957067769681,246000,19918447.631835938,3.4205775,1.0134666,25871923200.0,2.1590000000000003,1.979,-3.155,522.0,-15.52,,,
2018-11-15,80.37435913085938,-0.7347725502996005,266400,21411729.272460938,3.4205775,1.0134666,25871923200.0,2.1590000000000003,1.979,-3.155,522.0,-15.52,,,
2018-11-16,77.45924377441406,-3.6269220532124447,355200,27513523.388671875,3.4205775,1.0134666,25871923200.0,2.1590000000000003,1.979,-3.155,522.0,-15.52,,,
2018-11-19,78.94656372070312,1.9201322835278527,146400,11557776.928710938,3.4205775,1.0134666,25871923200.0,2.1590000000000003,1.979,-3.155,522.0,-15.52,,,
2018-11-20,78.0541763305664,-1.130368882544153,100800,7867860.974121094,3.4205775,1.0134666,25871923200.0,2.1590000000000003,1.979,-3.155,522.0,-15.52,,,
2018-11-21,75.25801086425781,-3.5823393414166405,336000,25286691.650390625,3.4205775,1.0134666,25871923200.0,2.1590000000000003,1.979,-3.155,522.0,-15.52,,,
2018-11-22,74.12767028808594,-1.5019538294875456,246000,18235406.89086914,3.4205775,1.0134666,25871923200.0,2.1590000000000003,1.979,-3.155,522.0,-15.52,,,
2018-11-23,74.12767028808594,0.0,0,0.0,3.4205775,1.0134666,25871923200.0,2.1590000000000003,1.979,-3.155,522.0,-15.52,,,
2018-11-26,73.94918823242188,-0.2407765615328516,90000,6655426.940917969,3.4205775,1.0134666,25871923200.0,2.1590000000000003,1.979,-3.155,522.0,-15.52,,,
2018-11-27,74.66310119628906,0.9654101430070616,128400,9586742.193603516,3.4205775,1.0134666,25871923200.0,2.1590000000000003,1.979,-3.155,522.0,-15.52,,,
2018-11-28,74.24662780761719,-0.5578034959691336,223200,16571847.326660156,3.4205775,1.0134666,25871923200.0,2.1590000000000003,1.979,-3.155,522.0,-15.52,,,
2018-11-29,73.83019256591797,-0.5608810177591628,292800,21617480.38330078,3.4205775,1.0134666,25871923200.0,2.1590000000000003,1.979,-3.155,522.0,-15.52,,,
2018-11-30,73.41374969482422,-0.5640549707654263,160800,11804930.950927734,3.4205775,1.0134666,25871923200.0,2.1590000000000003,1.979,-3.155,522.0,-15.52,,,
2018-12-03,72.75933074951172,-0.8914119603383175,356400,25931425.479125977,3.4205775,1.0134666,25871923200.0,2.1590000000000003,1.979,-3.155,522.0,-15.52,,,
2018-12-04,72.75933074951172,0.0,195600,14231725.094604492,3.4205775,1.0134666,25871923200.0,2.1590000000000003,1.979,-3.155,522.0,-15.52,,,
2018-12-05,71.74797058105469,-1.390007519363856,234000,16789025.115966797,3.4205775,1.0134666,25871923200.0,2.1590000000000003,1.979,-3.155,522.0,-15.52,,,
2018-12-06,68.77334594726562,-4.145935570997905,428400,29462501.4038086,3.4205775,1.0134666,25871923200.0,2.1590000000000003,1.979,-3.155,522.0,-15.52,,,
2018-12-07,66.69109344482422,-3.027702773161633,387600,25849467.819213867,3.4205775,1.0134666,25871923200.0,2.1590000000000003,1.979,-3.155,522.0,-15.52,,,
2018-12-10,65.02530670166016,-2.497764929498758,408000,26530325.134277344,3.4205775,1.0134666,25871923200.0,2.1590000000000003,1.979,-3.155,522.0,-15.52,,,
2018-12-11,60.503883361816406,-6.953328741052001,890400,53872657.74536133,3.4205775,1.0134666,25871923200.0,2.1590000000000003,1.979,-3.155,522.0,-15.52,,,
2018-12-12,62.526634216308594,3.3431752510760804,1226400,76682664.20288086,3.4205775,1.0134666,25871923200.0,2.1590000000000003,1.979,-3.155,522.0,-15.52,,,
2018-12-13,64.13291931152344,2.568961395967606,186000,11928722.99194336,3.4205775,1.0134666,25871923200.0,2.1590000000000003,1.979,-3.155,522.0,-15.52,,,
2018-12-14,61.9911994934082,-3.339501524500865,220800,13687656.848144531,3.4205775,1.0134666,25871923200.0,2.1590000000000003,1.979,-3.155,522.0,-15.52,,,
2018-12-17,64.90632629394531,4.702484908115201,902400,58571468.84765625,3.4205775,1.0134666,25871923200.0,2.1590000000000003,1.979,-3.155,522.0,-15.52,,,
2018-12-18,64.25190734863281,-1.008251402719651,403200,25906369.04296875,3.4205775,1.0134666,25871923200.0,2.1590000000000003,1.979,-3.155,522.0,-15.52,,,
2018-12-19,65.91769409179688,2.592587227217158,262800,17323170.00732422,3.4205775,1.0134666,25871923200.0,2.1590000000000003,1.979,-3.155,522.0,-15.52,,,
2018-12-20,61.396263122558594,-6.85920682076916,402000,24681297.775268555,3.4205775,1.0134666,25871923200.0,2.1590000000000003,1.979,-3.155,522.0,-15.52,,,
2018-12-21,58.659610748291016,-4.457359837690289,820800,48147808.50219727,3.4205775,1.0134666,25871923200.0,2.1590000000000003,1.979,-3.155,522.0,-15.52,,,
2018-12-24,58.659610748291016,0.0,0,0.0,3.4205775,1.0134666,25871923200.0,2.1590000000000003,1.979,-3.155,522.0,-15.52,,,
2018-12-25,54.55462646484375,-6.997973957007309,970800,52961631.37207031,3.4205775,1.0134666,25871923200.0,2.1590000000000003,1.979,-3.155,522.0,-15.52,,,
2018-12-26,56.22042083740234,3.053442907600279,309600,17405842.291259766,3.4205775,1.0134666,25871923200.0,2.1590000000000003,1.979,-3.155,522.0,-15.52,,,
2018-12-27,59.670989990234375,6.137572614071285,264000,15753141.357421877,3.4205775,1.0134666,25871923200.0,2.1590000000000003,1.979,-3.155,522.0,-15.52,,,
2018-12-28,60.0874252319336,0.6978855919222537,91200,5479973.181152344,3.4205775,1.0134666,25871923200.0,2.1590000000000003,1.979,-3.155,522.0,-15.52,,,
2018-12-31,60.0874252319336,0.0,0,0.0,3.4205775,1.0134666,25871923200.0,2.1590000000000003,1.979,-3.155,522.0,-15.52,,,
2019-01-04,59.90895080566406,-0.2970245863932907,117600,7045292.614746094,3.4205775,1.0134666,25871923200.0,2.1590000000000003,1.979,-3.155,522.0,-15.52,,,
2019-01-07,63.41902542114258,5.859015336230278,189600,12024247.219848633,3.4205775,1.0134666,25871923200.0,2.1590000000000003,1.979,-3.155,522.0,-15.52,,,
2019-01-08,66.27465057373047,4.5027893973846655,180000,11929437.103271484,3.4205775,1.0134666,25871923200.0,2.1590000000000003,1.979,-3.155,522.0,-15.52,,,
2019-01-09,65.79871368408203,-0.7181281010587237,106800,7027302.621459961,3.4205775,1.0134666,25871923200.0,2.1590000000000003,1.979,-3.155,522.0,-15.52,,,
2019-01-10,64.43038177490234,-2.0795724301685192,66000,4252405.197143555,3.4205775,1.0134666,25871923200.0,2.1590000000000003,1.979,-3.155,522.0,-15.52,,,
2019-01-11,64.96582794189453,0.8310460876405301,40800,2650605.780029297,3.4205775,1.0134666,25871923200.0,2.1590000000000003,1.979,-3.155,522.0,-15.52,,,
2019-01-15,64.54937744140625,-0.6410300825547166,102000,6584036.4990234375,3.4205775,1.0134666,25871923200.0,2.1590000000000003,1.979,-3.155,522.0,-15.52,,,
2019-01-16,62.70509719848633,-2.857161937145003,205200,12867085.945129396,3.4205775,1.0134666,25871923200.0,2.1590000000000003,1.979,-3.155,522.0,-15.52,,,
2019-01-17,61.6937255859375,-1.6129017539793231,174000,10734708.251953123,3.4205775,1.0134666,25871923200.0,2.1590000000000003,1.979,-3.155,522.0,-15.52,,,
2019-01-18,62.11017990112305,0.6750351210439431,78000,4844594.032287598,3.4205775,1.0134666,25871923200.0,2.1590000000000003,1.979,-3.155,522.0,-15.52,,,
2019-01-21,62.22916030883789,0.1915634569152002,99600,6198024.366760254,3.4205775,1.0134666,25871923200.0,2.1590000000000003,1.979,-3.155,522.0,-15.52,,,
2019-01-22,62.64560317993164,0.6692085656097246,32400,2029717.5430297847,3.4205775,1.0134666,25871923200.0,2.1590000000000003,1.979,-3.155,522.0,-15.52,,,
2019-01-23,62.22916030883789,-0.6647599351827349,36000,2240249.771118164,3.4205775,1.0134666,25871923200.0,2.1590000000000003,1.979,-3.155,522.0,-15.52,,,
2019-01-24,62.58611679077149,0.5736160992082295,133200,8336470.756530762,3.4205775,1.0134666,25871923200.0,2.1590000000000003,1.979,-3.155,522.0,-15.52,,,
2019-01-25,63.41902542114258,1.3308201132777642,33600,2130879.2541503906,3.4205775,1.0134666,25871923200.0,2.1590000000000003,1.979,-3.155,522.0,-15.52,,,
2019-01-28,63.89494705200195,0.7504398367823351,46800,2990283.5220336914,3.4205775,1.0134666,25871923200.0,2.1590000000000003,1.979,-3.155,522.0,-15.52,,,
2019-01-29,63.71648788452149,-0.2793009083100539,128400,8181197.044372559,3.4205775,1.0134666,25871923200.0,2.1590000000000003,1.979,-3.155,522.0,-15.52,,,
2019-01-30,63.59749984741211,-0.1867460700674894,158400,10073843.975830078,3.4205775,1.0134666,25871923200.0,2.1590000000000003,1.979,-3.155,522.0,-15.52,,,
2019-01-31,63.24052810668945,-0.5612983868534593,159600,10093188.285827637,3.4205775,1.0134666,25871923200.0,2.1590000000000003,1.979,-3.155,522.0,-15.52,,,
2019-02-01,63.89494705200195,1.034809425070682,104400,6670632.472229004,3.4205775,1.0134666,25871923200.0,2.1590000000000003,1.979,-3.155,522.0,-15.52,,,
2019-02-04,64.6088638305664,1.1173290087922227,68400,4419246.286010742,3.4205775,1.0134666,25871923200.0,2.1590000000000003,1.979,-3.155,522.0,-15.52,,,
2019-02-05,64.6088638305664,0.0,51600,3333817.3736572266,3.4205775,1.0134666,25871923200.0,2.1590000000000003,1.979,-3.155,522.0,-15.52,,,
2019-02-06,65.67972564697266,1.6574534095113114,72000,4728940.246582031,3.4205775,1.0134666,25871923200.0,2.1590000000000003,1.979,-3.155,522.0,-15.52,,,
2019-02-07,65.44175720214844,-0.3623164416113655,33600,2198843.0419921875,3.4205775,1.0134666,25871923200.0,2.1590000000000003,1.979,-3.155,522.0,-15.52,,,
2019-02-08,62.70509719848633,-4.181825367568626,72000,4514766.998291016,3.4205775,1.0134666,25871923200.0,2.1590000000000003,1.979,-3.155,522.0,-15.52,,,
2019-02-12,64.07342529296875,2.1821640594083203,79200,5074615.283203125,3.4205775,1.0134666,25871923200.0,2.1590000000000003,1.979,-3.155,522.0,-15.52,,,
2019-02-13,67.10753631591797,4.735365729358265,170400,11435124.188232422,3.4205775,1.0134666,25871923200.0,2.1590000000000003,1.979,-3.155,522.0,-15.52,,,
2019-02-14,70.67710876464844,5.319182680058776,532800,37656763.54980469,3.4205775,1.0134666,25871923200.0,2.1590000000000003,1.979,-3.155,522.0,-15.52,,,
2019-02-15,69.60623931884766,-1.515157403179479,127200,8853913.641357422,3.4205775,1.0134666,25871923200.0,2.1590000000000003,1.979,-3.155,522.0,-15.52,,,
2019-02-18,81.50473022460938,17.09400051230738,1394400,113650195.82519533,3.4205775,1.0134666,25871923200.0,2.1590000000000003,1.979,-3.155,522.0,-15.52,,,
2019-02-19,85.07427978515625,4.3795612238823,700800,59620055.2734375,3.4205775,1.0134666,25871923200.0,2.1590000000000003,1.979,-3.155,522.0,-15.52,,,
2019-02-20,82.93254852294922,-2.5174838595350857,151200,12539401.336669922,3.4205775,1.0134666,25871923200.0,2.1590000000000003,1.979,-3.155,522.0,-15.52,,,
2019-02-21,81.98067474365234,-1.1477686339682047,97200,7968521.585083008,3.4205775,1.0134666,25871923200.0,2.1590000000000003,1.979,-3.155,522.0,-15.52,,,
2019-02-22,82.99205780029297,1.23368471875005,163200,13544303.833007812,3.4205775,1.0134666,25871923200.0,2.1590000000000003,1.979,-3.155,522.0,-15.52,,,
2019-02-25,83.17052459716797,0.2150408142721938,198000,16467763.870239258,3.4205775,1.0134666,25871923200.0,2.1590000000000003,1.979,-3.155,522.0,-15.52,,,
2019-02-26,82.51610565185547,-0.7868399874620735,133200,10991145.272827148,3.4205775,1.0134666,25871923200.0,2.1590000000000003,1.979,-3.155,522.0,-15.52,,,
2019-02-27,82.99205780029297,0.5767990923439825,62400,5178704.406738281,3.4205775,1.0134666,25871923200.0,2.1590000000000003,1.979,-3.155,522.0,-15.52,,,
2019-02-28,82.04016876220703,-1.1469640147693472,85200,6989822.378540039,3.4205775,1.0134666,25871923200.0,2.1590000000000003,1.979,-3.155,522.0,-15.52,,,
2019-03-01,80.96929931640625,-1.305298930947707,102000,8258868.530273437,3.4205775,1.0134666,25871923200.0,2.1590000000000003,1.979,-3.155,522.0,-15.52,,,
2019-03-04,82.27814483642578,1.6164713429282829,97200,7997435.678100586,3.4205775,1.0134666,25871923200.0,2.1590000000000003,1.979,-3.155,522.0,-15.52,,,
2019-03-05,82.15914916992188,-0.1446260932845278,82800,6802777.551269531,3.4205775,1.0134666,25871923200.0,2.1590000000000003,1.979,-3.155,522.0,-15.52,,,
2019-03-06,82.27814483642578,0.1448355633014042,76800,6318961.5234375,3.4205775,1.0134666,25871923200.0,2.1590000000000003,1.979,-3.155,522.0,-15.52,,,
2019-03-07,80.9098129272461,-1.6630563461293657,79200,6408057.183837891,3.4205775,1.0134666,25871923200.0,2.1590000000000003,1.979,-3.155,522.0,-15.52,,,
2019-03-08,77.45924377441406,-4.264710333633792,202800,15708734.637451172,3.4205775,1.0134666,25871923200.0,2.1590000000000003,1.979,-3.155,522.0,-15.52,,,
2019-03-11,75.79346466064453,-2.1505233366605148,78000,5911890.243530273,3.4205775,1.0134666,25871923200.0,2.1590000000000003,1.979,-3.155,522.0,-15.52,,,
2019-03-12,77.81619262695312,2.668736645520964,44400,3455038.9526367188,3.4205775,1.0134666,25871923200.0,2.1590000000000003,1.979,-3.155,522.0,-15.52,,,
2019-03-13,76.86431884765625,-1.2232335548207909,32400,2490403.9306640625,3.4205775,1.0134666,25871923200.0,2.1590000000000003,1.979,-3.155,522.0,-15.52,,,
2019-03-14,76.56686401367188,-0.3869868860399639,60000,4594011.8408203125,3.4205775,1.0134666,25871923200.0,2.1590000000000003,1.979,-3.155,522.0,-15.52,,,
2019-03-15,78.0541763305664,1.942501284405429,57600,4495920.556640625,3.4205775,1.0134666,25871923200.0,2.1590000000000003,1.979,-3.155,522.0,-15.52,,,
2019-03-18,77.9351806640625,-0.1524526580101826,25200,1963966.552734375,3.4205775,1.0134666,25871923200.0,2.1590000000000003,1.979,-3.155,522.0,-15.52,,,
2019-03-19,78.70858764648438,0.9923720915662182,49200,3872462.5122070312,3.4205775,1.0134666,25871923200.0,2.1590000000000003,1.979,-3.155,522.0,-15.52,,,
2019-03-20,78.1136474609375,-0.7558770946558213,8400,656154.638671875,3.4205775,1.0134666,25871923200.0,2.1590000000000003,1.979,-3.155,522.0,-15.52,,,
2019-03-22,77.39974212646484,-0.9139316338155344,51600,3993826.693725586,3.4205775,1.0134666,25871923200.0,2.1590000000000003,1.979,-3.155,522.0,-15.52,,,
2019-03-25,76.2693862915039,-1.4604129211619687,34800,2654174.642944336,3.4205775,1.0134666,25871923200.0,2.1590000000000003,1.979,-3.155,522.0,-15.52,,,
2019-03-26,76.68583679199219,0.5460257656939804,54000,4141035.186767578,3.4205775,1.0134666,25871923200.0,2.1590000000000003,1.979,-3.155,522.0,-15.52,,,
2019-03-27,78.2695083618164,2.0651421906236367,67200,5259710.961914063,3.4205775,1.0134666,25871923200.0,2.1590000000000003,1.979,-3.155,522.0,-15.52,,,
2019-03-28,78.20858764648438,-0.0778345445207273,141600,11074336.010742188,3.4205775,1.0134666,25871923200.0,2.1590000000000003,1.979,-3.155,522.0,-15.52,,,
2019-03-29,79.60951232910156,1.7912670779193671,168000,13374398.071289062,3.4205775,1.0134666,25871923200.0,2.1590000000000003,1.979,-3.155,522.0,-15.52,,,
2019-04-01,81.31501770019531,2.142338674357513,98400,8001397.741699219,3.4205775,1.0134666,25871923200.0,2.1590000000000003,1.979,-3.155,522.0,-15.52,,,
2019-04-02,81.31501770019531,0.0,55200,4488588.977050781,3.4205775,1.0134666,25871923200.0,2.1590000000000003,1.979,-3.155,522.0,-15.52,,,
2019-04-03,81.80228424072266,0.5992331482037816,75600,6184252.688598633,3.4205775,1.0134666,25871923200.0,2.1590000000000003,1.979,-3.155,522.0,-15.52,,,
2019-04-04,81.61956024169922,-0.2233727342939806,10800,881491.2506103516,3.4205775,1.0134666,25871923200.0,2.1590000000000003,1.979,-3.155,522.0,-15.52,,,
2019-04-05,82.22866821289062,0.7462769578611583,16800,1381441.6259765625,3.4205775,1.0134666,25871923200.0,2.1590000000000003,1.979,-3.155,522.0,-15.52,,,
2019-04-08,82.65503692626953,0.5185158931128919,30000,2479651.107788086,3.4205775,1.0134666,25871923200.0,2.1590000000000003,1.979,-3.155,522.0,-15.52,,,
2019-04-09,82.04593658447266,-0.7369186010287687,32400,2658288.345336914,3.4205775,1.0134666,25871923200.0,2.1590000000000003,1.979,-3.155,522.0,-15.52,,,
2019-04-10,81.61956024169922,-0.5196800238052579,30000,2448586.807250977,3.4205775,1.0134666,25871923200.0,2.1590000000000003,1.979,-3.155,522.0,-15.52,,,
2019-04-11,81.61956024169922,0.0,30000,2448586.807250977,3.4205775,1.0134666,25871923200.0,2.1590000000000003,1.979,-3.155,522.0,-15.52,,,
2019-04-12,81.25409698486328,-0.4477643052151925,40800,3315167.156982422,3.4205775,1.0134666,25871923200.0,2.1590000000000003,1.979,-3.155,522.0,-15.52,,,
2019-04-15,80.8886489868164,-0.4497594725776821,58800,4756252.560424805,3.4205775,1.0134666,25871923200.0,2.1590000000000003,1.979,-3.155,522.0,-15.52,,,
2019-04-16,80.21861267089844,-0.8283440560704292,44400,3561706.4025878906,3.4205775,1.0134666,25871923200.0,2.1590000000000003,1.979,-3.155,522.0,-15.52,,,
2019-04-17,80.46227264404297,0.3037449352859767,45600,3669079.63256836,3.4205775,1.0134666,25871923200.0,2.1590000000000003,1.979,-3.155,522.0,-15.52,,,
2019-04-18,80.21861267089844,-0.3028251193232578,20400,1636459.698486328,3.4205775,1.0134666,25871923200.0,2.1590000000000003,1.979,-3.155,522.0,-15.52,,,
2019-04-19,80.21861267089844,0.0,50400,4043018.078613281,3.4205775,1.0134666,25871923200.0,2.1590000000000003,1.979,-3.155,522.0,-15.52,,,
2019-04-22,79.18315124511719,-1.290799468234749,55200,4370909.948730469,3.4205775,1.0134666,25871923200.0,2.1590000000000003,1.979,-3.155,522.0,-15.52,,,
2019-04-23,77.47766876220703,-2.153845175510527,74400,5764338.555908203,3.4205775,1.0134666,25871923200.0,2.1590000000000003,1.979,-3.155,522.0,-15.52,,,
2019-04-24,77.84312438964844,0.4716915638789398,106800,8313645.684814453,3.4205775,1.0134666,25871923200.0,2.1590000000000003,1.979,-3.155,522.0,-15.52,,,
2019-04-25,77.11221313476562,-0.9389541601955598,44400,3423782.2631835938,3.4205775,1.0134666,25871923200.0,2.1590000000000003,1.979,-3.155,522.0,-15.52,,,
2019-04-26,77.29492950439453,0.2369486780382956,37200,2875371.377563477,3.4205775,1.0134666,25871923200.0,2.1590000000000003,1.979,-3.155,522.0,-15.52,,,
2019-05-07,73.57940673828125,-4.806942434564276,134400,9889072.265625,3.4205775,1.0134666,25871923200.0,2.1590000000000003,1.979,-3.155,522.0,-15.52,,,
2019-05-08,71.81302642822266,-2.400644947222164,106800,7669631.22253418,3.4205775,1.0134666,25871923200.0,2.1590000000000003,1.979,-3.155,522.0,-15.52,,,
2019-05-09,71.14302062988281,-0.9329864394581944,68400,4866182.611083984,3.4205775,1.0134666,25871923200.0,2.1590000000000003,1.979,-3.155,522.0,-15.52,,,
2019-05-10,70.04662322998047,-1.5411173017326418,129600,9078042.370605469,3.4205775,1.0134666,25871923200.0,2.1590000000000003,1.979,-3.155,522.0,-15.52,,,
2019-05-13,67.85387420654297,-3.130413605004423,105600,7165369.1162109375,3.4205775,1.0134666,25871923200.0,2.1590000000000003,1.979,-3.155,522.0,-15.52,,,
2019-05-14,65.53929138183594,-3.4111284753787,192000,12583543.9453125,3.4205775,1.0134666,25871923200.0,2.1590000000000003,1.979,-3.155,522.0,-15.52,,,
2019-05-15,69.01116180419922,5.297387794652764,90000,6211004.56237793,3.4205775,1.0134666,25871923200.0,2.1590000000000003,1.979,-3.155,522.0,-15.52,,,
2019-05-16,62.31105422973633,-9.708730297096956,534000,33274102.9586792,3.4205775,1.0134666,25871923200.0,2.1590000000000003,1.979,-3.155,522.0,-15.52,,,
2019-05-17,61.458309173583984,-1.3685293351133776,104400,6416247.477722168,3.4205775,1.0134666,25871923200.0,2.1590000000000003,1.979,-3.155,522.0,-15.52,,,
2019-05-20,61.09284591674805,-0.5946523126819425,166800,10190286.698913574,3.4205775,1.0134666,25871923200.0,2.1590000000000003,1.979,-3.155,522.0,-15.52,,,
2019-05-21,61.21466445922852,0.1993990305288351,79200,4848201.425170898,3.4205775,1.0134666,25871923200.0,2.1590000000000003,1.979,-3.155,522.0,-15.52,,,
2019-05-22,60.84920120239258,-0.5970191294266569,92400,5622466.191101074,3.4205775,1.0134666,25871923200.0,2.1590000000000003,1.979,-3.155,522.0,-15.52,,,
2019-05-23,59.32645797729492,-2.502486795237968,152400,9041352.195739746,3.4205775,1.0134666,25871923200.0,2.1590000000000003,1.979,-3.155,522.0,-15.52,,,
2019-05-24,59.26554489135742,-0.1026744019688719,248400,14721561.351013184,3.4205775,1.0134666,25871923200.0,2.1590000000000003,1.979,-3.155,522.0,-15.52,,,
2019-05-27,58.41280364990234,-1.4388482262641444,112800,6588964.251708984,3.4205775,1.0134666,25871923200.0,2.1590000000000003,1.979,-3.155,522.0,-15.52,,,
2019-05-28,56.82914352416992,-2.7111523960125283,114000,6478522.361755371,3.4205775,1.0134666,25871923200.0,2.1590000000000003,1.979,-3.155,522.0,-15.52,,,
2019-05-29,57.25551986694336,0.75027761520301,57600,3297917.944335937,3.4205775,1.0134666,25871923200.0,2.1590000000000003,1.979,-3.155,522.0,-15.52,,,
2019-05-30,57.25551986694336,0.0,82800,4740757.04498291,3.4205775,1.0134666,25871923200.0,2.1590000000000003,1.979,-3.155,522.0,-15.52,,,
2019-05-31,57.13369369506836,-0.2127762915402953,30000,1714010.8108520508,3.4205775,1.0134666,25871923200.0,2.1590000000000003,1.979,-3.155,522.0,-15.52,,,
2019-06-03,56.09822845458984,-1.812354800662741,52800,2961986.462402344,3.4205775,1.0134666,25871923200.0,2.1590000000000003,1.979,-3.155,522.0,-15.52,,,
2019-06-04,56.46367263793945,0.6514362278755792,33600,1897179.4006347656,3.4205775,1.0134666,25871923200.0,2.1590000000000003,1.979,-3.155,522.0,-15.52,,,
2019-06-05,56.89005279541016,0.7551406728442345,32400,1843237.710571289,3.4205775,1.0134666,25871923200.0,2.1590000000000003,1.979,-3.155,522.0,-15.52,,,
2019-06-06,57.37733459472656,0.8565325138100821,25200,1445908.8317871094,3.4205775,1.0134666,25871923200.0,2.1590000000000003,1.979,-3.155,522.0,-15.52,,,
2019-06-07,57.37733459472656,0.0,121200,6954132.952880859,3.4205775,1.0134666,25871923200.0,2.1590000000000003,1.979,-3.155,522.0,-15.52,,,
2019-06-10,57.3164176940918,-0.1061689272690014,52800,3026306.854248047,3.4205775,1.0134666,25871923200.0,2.1590000000000003,1.979,-3.155,522.0,-15.52,,,
2019-06-11,58.53462600708008,2.125409022402769,225600,13205411.627197266,3.4205775,1.0134666,25871923200.0,2.1590000000000003,1.979,-3.155,522.0,-15.52,,,
2019-06-12,61.51921463012695,5.098842901440714,648000,39864451.080322266,3.4205775,1.0134666,25871923200.0,2.1590000000000003,1.979,-3.155,522.0,-15.52,,,
2019-06-13,59.38736343383789,-3.4653420221737674,190800,11331108.94317627,3.4205775,1.0134666,25871923200.0,2.1590000000000003,1.979,-3.155,522.0,-15.52,,,
2019-06-14,59.32645797729492,-0.1025562561146942,32400,1922177.238464356,3.4205775,1.0134666,25871923200.0,2.1590000000000003,1.979,-3.155,522.0,-15.52,,,
2019-06-17,58.96099472045898,-0.6160206917726452,50400,2971634.133911133,3.4205775,1.0134666,25871923200.0,2.1590000000000003,1.979,-3.155,522.0,-15.52,,,
2019-06-18,57.13369369506836,-3.0991692627542533,86400,4936351.135253906,3.4205775,1.0134666,25871923200.0,2.1590000000000003,1.979,-3.155,522.0,-15.52,,,
2019-06-19,57.681884765625,0.9594882373305412,10800,622964.35546875,3.4205775,1.0134666,25871923200.0,2.1590000000000003,1.979,-3.155,522.0,-15.52,,,
2019-06-20,58.59553527832031,1.5839470509808828,43200,2531327.124023437,3.4205775,1.0134666,25871923200.0,2.1590000000000003,1.979,-3.155,522.0,-15.52,,,
2019-06-21,59.204620361328125,1.0394735368740138,68400,4049596.032714844,3.4205775,1.0134666,25871923200.0,2.1590000000000003,1.979,-3.155,522.0,-15.52,,,
2019-06-24,59.32645797729492,0.2057907224524369,30000,1779793.7393188477,3.4205775,1.0134666,25871923200.0,2.1590000000000003,1.979,-3.155,522.0,-15.52,,,
2019-06-25,58.656436920166016,-1.1293798415967005,58800,3448998.4909057617,3.4205775,1.0134666,25871923200.0,2.1590000000000003,1.979,-3.155,522.0,-15.52,,,
2019-06-26,59.08282470703125,0.7269241182269015,19200,1134390.234375,3.4205775,1.0134666,25871923200.0,2.1590000000000003,1.979,-3.155,522.0,-15.52,,,
2019-06-27,59.69191360473633,1.030906867986281,21600,1289345.3338623047,3.4205775,1.0134666,25871923200.0,2.1590000000000003,1.979,-3.155,522.0,-15.52,,,
2019-06-28,59.08282470703125,-1.0203876219119,42000,2481478.6376953125,3.4205775,1.0134666,25871923200.0,2.1590000000000003,1.979,-3.155,522.0,-15.52,,,
2019-07-01,60.72737503051758,2.783465976180066,75600,4590989.552307129,3.4205775,1.0134666,25871923200.0,2.1590000000000003,1.979,-3.155,522.0,-15.52,,,
2019-07-02,60.84920120239258,0.2006116217171838,102000,6206618.522644043,3.4205775,1.0134666,25871923200.0,2.1590000000000003,1.979,-3.155,522.0,-15.52,,,
2019-07-03,61.03192901611328,0.3002961585525598,48000,2929532.592773437,3.4205775,1.0134666,25871923200.0,2.1590000000000003,1.979,-3.155,522.0,-15.52,,,
2019-07-04,60.78829574584961,-0.3991898571636953,30000,1823648.8723754885,3.4205775,1.0134666,25871923200.0,2.1590000000000003,1.979,-3.155,522.0,-15.52,,,
2019-07-05,60.78829574584961,0.0,45600,2771946.286010742,3.4205775,1.0134666,25871923200.0,2.1590000000000003,1.979,-3.155,522.0,-15.52,,,
2019-07-08,60.84920120239258,0.1001927357819232,74400,4527180.569458008,3.4205775,1.0134666,25871923200.0,2.1590000000000003,1.979,-3.155,522.0,-15.52,,,
2019-07-09,60.72737503051758,-0.2002099772350218,38400,2331931.201171875,3.4205775,1.0134666,25871923200.0,2.1590000000000003,1.979,-3.155,522.0,-15.52,,,
2019-07-10,60.78829574584961,0.1003183742116498,8400,510621.6842651367,3.4205775,1.0134666,25871923200.0,2.1590000000000003,1.979,-3.155,522.0,-15.52,,,
2019-07-11,60.910118103027344,0.200404297707335,30000,1827303.5430908203,3.4205775,1.0134666,25871923200.0,2.1590000000000003,1.979,-3.155,522.0,-15.52,,,
2019-07-12,60.78829574584961,-0.2000034821335816,38400,2334270.556640625,3.4205775,1.0134666,25871923200.0,2.1590000000000003,1.979,-3.155,522.0,-15.52,,,
2019-07-16,61.03192901611328,0.4007897692711815,42000,2563341.018676758,3.4205775,1.0134666,25871923200.0,2.1590000000000003,1.979,-3.155,522.0,-15.52,,,
2019-07-17,60.84920120239258,-0.2993970806206336,14400,876228.4973144531,3.4205775,1.0134666,25871923200.0,2.1590000000000003,1.979,-3.155,522.0,-15.52,,,
2019-07-18,60.60556411743164,-0.4003948780700761,38400,2327253.662109375,3.4205775,1.0134666,25871923200.0,2.1590000000000003,1.979,-3.155,522.0,-15.52,,,
2019-07-19,60.4837532043457,-0.2009896531115718,27600,1669351.5884399414,3.4205775,1.0134666,25871923200.0,2.1590000000000003,1.979,-3.155,522.0,-15.52,,,
2019-07-22,60.78829574584961,0.5035113156337978,54000,3282567.970275879,3.4205775,1.0134666,25871923200.0,2.1590000000000003,1.979,-3.155,522.0,-15.52,,,
2019-07-23,60.72737503051758,-0.1002178373066042,24000,1457457.000732422,3.4205775,1.0134666,25871923200.0,2.1590000000000003,1.979,-3.155,522.0,-15.52,,,
2019-07-24,60.84920120239258,0.2006116217171838,37200,2263590.284729004,3.4205775,1.0134666,25871923200.0,2.1590000000000003,1.979,-3.155,522.0,-15.52,,,
2019-07-25,60.666481018066406,-0.3002836203525816,15600,946397.103881836,3.4205775,1.0134666,25871923200.0,2.1590000000000003,1.979,-3.155,522.0,-15.52,,,
2019-07-26,60.666481018066406,0.0,55200,3348789.7521972656,3.4205775,1.0134666,25871923200.0,2.1590000000000003,1.979,-3.155,522.0,-15.52,,,
2019-07-29,60.422828674316406,-0.4016259714774595,20400,1232625.7049560547,3.4205775,1.0134666,25871923200.0,2.1590000000000003,1.979,-3.155,522.0,-15.52,,,
2019-07-30,60.422828674316406,0.0,37200,2247729.2266845703,3.4205775,1.0134666,25871923200.0,2.1590000000000003,1.979,-3.155,522.0,-15.52,,,
2019-07-31,60.05738067626953,-0.6048177585605385,34800,2089996.84753418,3.4205775,1.0134666,25871923200.0,2.1590000000000003,1.979,-3.155,522.0,-15.52,,,
2019-08-01,59.81373977661133,-0.4056801960303779,38400,2296847.607421875,3.4205775,1.0134666,25871923200.0,2.1590000000000003,1.979,-3.155,522.0,-15.52,,,
2019-08-02,59.26554489135742,-0.916503277175562,37200,2204678.269958496,3.4205775,1.0134666,25871923200.0,2.1590000000000003,1.979,-3.155,522.0,-15.52,,,
2019-08-05,57.86460876464844,-2.3638289823827763,86400,4999502.197265625,3.4205775,1.0134666,25871923200.0,2.1590000000000003,1.979,-3.155,522.0,-15.52,,,
2019-08-06,56.89005279541016,-1.6842003947560968,162000,9216188.552856443,3.4205775,1.0134666,25871923200.0,2.1590000000000003,1.979,-3.155,522.0,-15.52,,,
2019-08-07,56.70732116699219,-0.3212013690251147,19200,1088780.56640625,3.4205775,1.0134666,25871923200.0,2.1590000000000003,1.979,-3.155,522.0,-15.52,,,
2019-08-08,54.63636779785156,-3.6520035270967255,187200,10227928.051757812,3.4205775,1.0134666,25871923200.0,2.1590000000000003,1.979,-3.155,522.0,-15.52,,,
2019-08-09,54.63636779785156,0.0,24000,1311272.8271484375,3.4205775,1.0134666,25871923200.0,2.1590000000000003,1.979,-3.155,522.0,-15.52,,,
2019-08-13,51.04267501831055,-6.57747380432988,259200,13230261.364746094,3.4205775,1.0134666,25871923200.0,2.1590000000000003,1.979,-3.155,522.0,-15.52,,,
2019-08-14,51.52996063232422,0.9546631594814948,130800,6740118.850708008,3.4205775,1.0134666,25871923200.0,2.1590000000000003,1.979,-3.155,522.0,-15.52,,,
2019-08-15,51.34722900390625,-0.3546123967021697,56400,2895983.7158203125,3.4205775,1.0134666,25871923200.0,2.1590000000000003,1.979,-3.155,522.0,-15.52,,,
2019-08-16,51.52996063232422,0.3558743713396151,4800,247343.81103515625,3.4205775,1.0134666,25871923200.0,2.1590000000000003,1.979,-3.155,522.0,-15.52,,,
2019-08-19,51.22541427612305,-0.5910083230495133,80400,4118523.307800293,3.4205775,1.0134666,25871923200.0,2.1590000000000003,1.979,-3.155,522.0,-15.52,,,
2019-08-20,51.34722900390625,0.237801352130762,40800,2094966.943359375,3.4205775,1.0134666,25871923200.0,2.1590000000000003,1.979,-3.155,522.0,-15.52,,,
2019-08-21,52.86998748779297,2.965609855540352,464400,24552822.18933105,3.4205775,1.0134666,25871923200.0,2.1590000000000003,1.979,-3.155,522.0,-15.52,,,
2019-08-22,52.13906097412109,-1.382497988751441,162000,8446527.877807617,3.4205775,1.0134666,25871923200.0,2.1590000000000003,1.979,-3.155,522.0,-15.52,,,
2019-08-23,51.46904754638672,-1.285050814526434,61200,3149905.709838867,3.4205775,1.0134666,25871923200.0,2.1590000000000003,1.979,-3.155,522.0,-15.52,,,
2019-08-26,50.85994720458984,-1.1834303738531782,72000,3661916.1987304688,3.4205775,1.0134666,25871923200.0,2.1590000000000003,1.979,-3.155,522.0,-15.52,,,
2019-08-27,50.25085067749024,-1.1975956731717583,60000,3015051.040649414,3.4205775,1.0134666,25871923200.0,2.1590000000000003,1.979,-3.155,522.0,-15.52,,,
2019-08-28,50.25085067749024,0.0,32400,1628127.5619506836,3.4205775,1.0134666,25871923200.0,2.1590000000000003,1.979,-3.155,522.0,-15.52,,,
2019-08-29,49.51993560791016,-1.4545327287513787,100800,4991609.509277344,3.4205775,1.0134666,25871923200.0,2.1590000000000003,1.979,-3.155,522.0,-15.52,,,
2019-08-30,49.9463005065918,0.8609964723248487,147600,7372073.954772949,3.4205775,1.0134666,25871923200.0,2.1590000000000003,1.979,-3.155,522.0,-15.52,,,
2019-09-02,51.10359191894531,2.317071335845533,86400,4415350.341796875,3.4205775,1.0134666,25871923200.0,2.1590000000000003,1.979,-3.155,522.0,-15.52,,,
2019-09-03,51.956329345703125,1.668644795282348,109200,5673631.164550781,3.4205775,1.0134666,25871923200.0,2.1590000000000003,1.979,-3.155,522.0,-15.52,,,
2019-09-04,51.34722900390625,-1.1723313587919004,84000,4313167.236328125,3.4205775,1.0134666,25871923200.0,2.1590000000000003,1.979,-3.155,522.0,-15.52,,,
2019-09-05,51.46904754638672,0.237244628081501,84000,4323399.993896484,3.4205775,1.0134666,25871923200.0,2.1590000000000003,1.979,-3.155,522.0,-15.52,,,
2019-09-06,51.28632354736328,-0.3550172535420559,67200,3446440.9423828125,3.4205775,1.0134666,25871923200.0,2.1590000000000003,1.979,-3.155,522.0,-15.52,,,
2019-09-09,51.46904754638672,0.3562821165270069,39600,2038174.282836914,3.4205775,1.0134666,25871923200.0,2.1590000000000003,1.979,-3.155,522.0,-15.52,,,
2019-09-10,51.65177536010742,0.3550246651757405,31200,1611535.3912353516,3.4205775,1.0134666,25871923200.0,2.1590000000000003,1.979,-3.155,522.0,-15.52,,,
2019-09-11,51.89542388916016,0.4717137549562489,39600,2055058.7860107424,3.4205775,1.0134666,25871923200.0,2.1590000000000003,1.979,-3.155,522.0,-15.52,,,
2019-09-12,52.32179260253906,0.821592120125203,37200,1946370.684814453,3.4205775,1.0134666,25871923200.0,2.1590000000000003,1.979,-3.155,522.0,-15.52,,,
2019-09-13,52.19997024536133,-0.2328329193595379,69600,3633117.929077149,3.4205775,1.0134666,25871923200.0,2.1590000000000003,1.979,-3.155,522.0,-15.52,,,
2019-09-17,52.504520416259766,0.5834297787276954,61200,3213276.6494750977,3.4205775,1.0134666,25871923200.0,2.1590000000000003,1.979,-3.155,522.0,-15.52,,,
2019-09-18,52.748165130615234,0.4640452144383689,100800,5317015.045166016,3.4205775,1.0134666,25871923200.0,2.1590000000000003,1.979,-3.155,522.0,-15.52,,,
2019-09-19,53.235443115234375,0.9237818669380004,51600,2746948.8647460938,3.4205775,1.0134666,25871923200.0,2.1590000000000003,1.979,-3.155,522.0,-15.52,,,
2019-09-20,53.35726165771485,0.228829770829142,51600,2753234.701538086,3.4205775,1.0134666,25871923200.0,2.1590000000000003,1.979,-3.155,522.0,-15.52,,,
2019-09-24,53.47908020019531,0.2283073356761367,102000,5454866.180419922,3.4205775,1.0134666,25871923200.0,2.1590000000000003,1.979,-3.155,522.0,-15.52,,,
2019-09-25,53.41818237304688,-0.113872241108992,93600,4999941.870117188,3.4205775,1.0134666,25871923200.0,2.1590000000000003,1.979,-3.155,522.0,-15.52,,,
2019-09-26,53.35726165771485,-0.1140449049849556,108000,5762584.259033203,3.4205775,1.0134666,25871923200.0,2.1590000000000003,1.979,-3.155,522.0,-15.52,,,
2019-09-27,53.4198112487793,0.1172278882408006,112800,6025754.708862305,3.4205775,1.0134666,25871923200.0,2.1590000000000003,1.979,-3.155,522.0,-15.52,,,
2019-09-30,53.23216247558594,-0.3512718761200184,64800,3449444.1284179688,3.4205775,1.0134666,25871923200.0,2.1590000000000003,1.979,-3.155,522.0,-15.52,,,
2019-10-01,53.85768508911133,1.1750839801262458,55200,2972944.2169189453,3.4205775,1.0134666,25871923200.0,2.1590000000000003,1.979,-3.155,522.0,-15.52,,,
2019-10-02,53.67002487182617,-0.348437213695052,33600,1803312.83569336,3.4205775,1.0134666,25871923200.0,2.1590000000000003,1.979,-3.155,522.0,-15.52,,,
2019-10-03,53.16960906982422,-0.9323934602173845,33600,1786498.8647460938,3.4205775,1.0134666,25871923200.0,2.1590000000000003,1.979,-3.155,522.0,-15.52,,,
2019-10-04,53.4198112487793,0.4705736666720694,31200,1666698.110961914,3.4205775,1.0134666,25871923200.0,2.1590000000000003,1.979,-3.155,522.0,-15.52,,,
2019-10-07,52.79429626464844,-1.1709419586261705,132000,6968847.106933594,3.4205775,1.0134666,25871923200.0,2.1590000000000003,1.979,-3.155,522.0,-15.52,,,
2019-10-08,53.48236846923828,1.303307844356261,76800,4107445.8984375,3.4205775,1.0134666,25871923200.0,2.1590000000000003,1.979,-3.155,522.0,-15.52,,,
2019-10-09,53.982791900634766,0.935679263502176,36000,1943380.508422852,3.4205775,1.0134666,25871923200.0,2.1590000000000003,1.979,-3.155,522.0,-15.52,,,
2019-10-10,54.420658111572266,0.8111218325711489,52800,2873410.748291016,3.4205775,1.0134666,25871923200.0,2.1590000000000003,1.979,-3.155,522.0,-15.52,,,
2019-10-11,54.5457649230957,0.2298884575540061,60000,3272745.895385742,3.4205775,1.0134666,25871923200.0,2.1590000000000003,1.979,-3.155,522.0,-15.52,,,
2019-10-15,55.046180725097656,0.9174237499602222,44400,2444050.424194336,3.4205775,1.0134666,25871923200.0,2.1590000000000003,1.979,-3.155,522.0,-15.52,,,
2019-10-16,55.984474182128906,1.7045568732863003,32400,1813896.9635009768,3.4205775,1.0134666,25871923200.0,2.1590000000000003,1.979,-3.155,522.0,-15.52,,,
2019-10-17,56.109561920166016,0.2234329068272922,34800,1952612.754821777,3.4205775,1.0134666,25871923200.0,2.1590000000000003,1.979,-3.155,522.0,-15.52,,,
2019-10-18,56.54744720458984,0.7804111624447607,26400,1492852.606201172,3.4205775,1.0134666,25871923200.0,2.1590000000000003,1.979,-3.155,522.0,-15.52,,,
2019-10-21,56.609981536865234,0.1105873657729183,79200,4483510.537719727,3.4205775,1.0134666,25871923200.0,2.1590000000000003,1.979,-3.155,522.0,-15.52,,,
2019-10-23,57.42317581176758,1.4364856741258205,43200,2480681.1950683594,3.4205775,1.0134666,25871923200.0,2.1590000000000003,1.979,-3.155,522.0,-15.52,,,
2019-10-24,58.54911422729492,1.960773502354085,46800,2740098.5458374023,3.4205775,1.0134666,25871923200.0,2.1590000000000003,1.979,-3.155,522.0,-15.52,,,
2019-10-25,58.86188507080078,0.5342025197710765,93600,5509472.442626953,3.4205775,1.0134666,25871923200.0,2.1590000000000003,1.979,-3.155,522.0,-15.52,,,
2019-10-28,60.67591857910156,3.081847457176768,120000,7281110.2294921875,3.4205775,1.0134666,25871923200.0,2.1590000000000003,1.979,-3.155,522.0,-15.52,,,
2019-10-29,60.5508041381836,-0.2062011484092463,62400,3778370.178222656,3.4205775,1.0134666,25871923200.0,2.1590000000000003,1.979,-3.155,522.0,-15.52,,,
2019-10-30,59.36229705810547,-1.9628262530846368,76800,4559024.4140625,3.4205775,1.0134666,25871923200.0,2.1590000000000003,1.979,-3.155,522.0,-15.52,,,
2019-10-31,58.48656845092773,-1.4752269547799846,69600,4070665.1641845694,3.4205775,1.0134666,25871923200.0,2.1590000000000003,1.979,-3.155,522.0,-15.52,,,
2019-11-01,57.73593521118164,-1.283428417203003,176400,10184618.97125244,3.4205775,1.0134666,25871923200.0,2.1590000000000003,1.979,-3.155,522.0,-15.52,,,
2019-11-05,57.98614501953125,0.4333692828121904,74400,4314169.189453125,3.4205775,1.0134666,25871923200.0,2.1590000000000003,1.979,-3.155,522.0,-15.52,,,
2019-11-06,57.98614501953125,0.0,74400,4314169.189453125,3.4205775,1.0134666,25871923200.0,2.1590000000000003,1.979,-3.155,522.0,-15.52,,,
2019-11-07,58.17380905151367,0.3236359856638282,118800,6911048.515319824,3.4205775,1.0134666,25871923200.0,2.1590000000000003,1.979,-3.155,522.0,-15.52,,,
2019-11-08,58.924434661865234,1.2903153886431484,152400,8980083.842468262,3.4205775,1.0134666,25871923200.0,2.1590000000000003,1.979,-3.155,522.0,-15.52,,,
2019-11-11,59.92527389526367,1.698513085686271,75600,4530350.706481934,3.4205775,1.0134666,25871923200.0,2.1590000000000003,1.979,-3.155,522.0,-15.52,,,
2019-11-12,59.4874153137207,-0.7306743099885549,81600,4854173.089599609,3.4205775,1.0134666,25871923200.0,2.1590000000000003,1.979,-3.155,522.0,-15.52,,,
2019-11-13,59.67506790161133,0.3154492204796577,132000,7877108.963012695,3.4205775,1.0134666,25871923200.0,2.1590000000000003,1.979,-3.155,522.0,-15.52,,,
2019-11-14,59.29974365234375,-0.6289464971977798,243600,14445417.553710938,3.4205775,1.0134666,25871923200.0,2.1590000000000003,1.979,-3.155,522.0,-15.52,,,
2019-11-15,59.23719787597656,-0.1054739405517035,124800,7392802.294921875,3.4205775,1.0134666,25871923200.0,2.1590000000000003,1.979,-3.155,522.0,-15.52,,,
2019-11-18,58.98698806762695,-0.4223863000296979,64800,3822356.8267822266,3.4205775,1.0134666,25871923200.0,2.1590000000000003,1.979,-3.155,522.0,-15.52,,,
2019-11-19,59.04954147338867,0.1060461091690223,49200,2905237.4404907227,3.4205775,1.0134666,25871923200.0,2.1590000000000003,1.979,-3.155,522.0,-15.52,,,
2019-11-20,59.23719787597656,0.3177948514171858,39600,2345793.035888672,3.4205775,1.0134666,25871923200.0,2.1590000000000003,1.979,-3.155,522.0,-15.52,,,
2019-11-21,58.79933166503906,-0.7391744151272084,54000,3175163.9099121094,3.4205775,1.0134666,25871923200.0,2.1590000000000003,1.979,-3.155,522.0,-15.52,,,
2019-11-22,58.98698806762695,0.3191471693197334,116400,6866085.411071777,3.4205775,1.0134666,25871923200.0,2.1590000000000003,1.979,-3.155,522.0,-15.52,,,
2019-11-25,59.17465591430664,0.3181512615367587,49200,2911393.0709838867,3.4205775,1.0134666,25871923200.0,2.1590000000000003,1.979,-3.155,522.0,-15.52,,,
2019-11-26,59.42485427856445,0.4228133825064262,73200,4349899.333190918,3.4205775,1.0134666,25871923200.0,2.1590000000000003,1.979,-3.155,522.0,-15.52,,,
2019-11-27,59.36229705810547,-0.1052711381768545,57600,3419268.310546875,3.4205775,1.0134666,25871923200.0,2.1590000000000003,1.979,-3.155,522.0,-15.52,,,
2019-11-28,59.17465591430664,-0.3160948162352239,50400,2982402.6580810547,3.4205775,1.0134666,25871923200.0,2.1590000000000003,1.979,-3.155,522.0,-15.52,,,
2019-11-29,59.36229705810547,0.317097143869427,52800,3134329.2846679688,3.4205775,1.0134666,25871923200.0,2.1590000000000003,1.979,-3.155,522.0,-15.52,,,
2019-12-02,59.23719787597656,-0.2107384456609851,87600,5189178.533935547,3.4205775,1.0134666,25871923200.0,2.1590000000000003,1.979,-3.155,522.0,-15.52,,,
2019-12-03,59.112098693847656,-0.2111834904662823,130800,7731862.509155273,3.4205775,1.0134666,25871923200.0,2.1590000000000003,1.979,-3.155,522.0,-15.52,,,
2019-12-04,58.98698806762695,-0.2116497789541815,52800,3114512.969970703,3.4205775,1.0134666,25871923200.0,2.1590000000000003,1.979,-3.155,522.0,-15.52,,,
2019-12-05,59.112098693847656,0.2120986853528794,64800,3830463.995361328,3.4205775,1.0134666,25871923200.0,2.1590000000000003,1.979,-3.155,522.0,-15.52,,,
2019-12-06,59.36229705810547,0.4232608379439062,200400,11896204.330444336,3.4205775,1.0134666,25871923200.0,2.1590000000000003,1.979,-3.155,522.0,-15.52,,,
2019-12-09,59.42485427856445,0.1053820750867462,98400,5847405.661010742,3.4205775,1.0134666,25871923200.0,2.1590000000000003,1.979,-3.155,522.0,-15.52,,,
2019-12-10,59.42485427856445,0.0,116400,6917053.038024902,3.4205775,1.0134666,25871923200.0,2.1590000000000003,1.979,-3.155,522.0,-15.52,,,
2019-12-11,59.42485427856445,0.0,63600,3779420.732116699,3.4205775,1.0134666,25871923200.0,2.1590000000000003,1.979,-3.155,522.0,-15.52,,,
2019-12-12,59.42485427856445,0.0,97200,5776095.835876465,3.4205775,1.0134666,25871923200.0,2.1590000000000003,1.979,-3.155,522.0,-15.52,,,
2019-12-13,59.86271667480469,0.736833773605361,97200,5818656.060791016,3.4205775,1.0134666,25871923200.0,2.1590000000000003,1.979,-3.155,522.0,-15.52,,,
2019-12-16,59.54995727539063,-0.5224610856087275,93600,5573876.0009765625,3.4205775,1.0134666,25871923200.0,2.1590000000000003,1.979,-3.155,522.0,-15.52,,,
2019-12-17,59.54995727539063,0.0,67200,4001757.12890625,3.4205775,1.0134666,25871923200.0,2.1590000000000003,1.979,-3.155,522.0,-15.52,,,
2019-12-18,59.61251449584961,0.1050499837803142,99600,5937406.443786621,3.4205775,1.0134666,25871923200.0,2.1590000000000003,1.979,-3.155,522.0,-15.52,,,
2019-12-19,59.61251449584961,0.0,123600,7368106.791687012,3.4205775,1.0134666,25871923200.0,2.1590000000000003,1.979,-3.155,522.0,-15.52,,,
2019-12-20,59.4874153137207,-0.2098538925708548,84000,4996942.886352539,3.4205775,1.0134666,25871923200.0,2.1590000000000003,1.979,-3.155,522.0,-15.52,,,
2019-12-23,59.42485427856445,-0.1051668404591477,159600,9484206.742858889,3.4205775,1.0134666,25871923200.0,2.1590000000000003,1.979,-3.155,522.0,-15.52,,,
2019-12-24,59.42485427856445,0.0,271200,16116020.48034668,3.4205775,1.0134666,25871923200.0,2.1590000000000003,1.979,-3.155,522.0,-15.52,,,
2019-12-25,58.79933166503906,-1.052627930046146,133200,7832070.977783203,3.4205775,1.0134666,25871923200.0,2.1590000000000003,1.979,-3.155,522.0,-15.52,,,
2019-12-26,58.86188507080078,0.106384552324612,236400,13914949.630737305,3.4205775,1.0134666,25871923200.0,2.1590000000000003,1.979,-3.155,522.0,-15.52,,,
2019-12-27,59.04954147338867,0.3188080068488697,64800,3826410.287475586,3.4205775,1.0134666,25871923200.0,2.1590000000000003,1.979,-3.155,522.0,-15.52,,,
2019-12-30,59.67506790161133,1.05932478494275,34800,2076692.3629760745,3.4205775,1.0134666,25871923200.0,2.1590000000000003,1.979,-3.155,522.0,-15.52,,,
2020-01-06,59.67506790161133,0.0,115200,6874567.822265625,3.4205775,1.0134666,25871923200.0,2.1590000000000003,1.979,-3.155,522.0,-15.52,,,
2020-01-07,59.67506790161133,0.0,78000,4654655.296325684,3.4205775,1.0134666,25871923200.0,2.1590000000000003,1.979,-3.155,522.0,-15.52,,,
2020-01-08,59.80016326904297,0.2096275242416068,253200,15141401.33972168,3.4205775,1.0134666,25871923200.0,2.1590000000000003,1.979,-3.155,522.0,-15.52,,,
2020-01-09,59.98782730102539,0.3138185946719218,60000,3599269.6380615234,3.4205775,1.0134666,25871923200.0,2.1590000000000003,1.979,-3.155,522.0,-15.52,,,
2020-01-10,59.54995727539063,-0.729931463324196,70800,4216136.975097656,3.4205775,1.0134666,25871923200.0,2.1590000000000003,1.979,-3.155,522.0,-15.52,,,
2020-01-14,59.42485427856445,-0.2100807499283874,135600,8058010.24017334,3.4205775,1.0134666,25871923200.0,2.1590000000000003,1.979,-3.155,522.0,-15.52,,,
2020-01-15,59.42485427856445,0.0,73200,4349899.333190918,3.4205775,1.0134666,25871923200.0,2.1590000000000003,1.979,-3.155,522.0,-15.52,,,
2020-01-16,59.36229705810547,-0.1052711381768545,78000,4630259.170532227,3.4205775,1.0134666,25871923200.0,2.1590000000000003,1.979,-3.155,522.0,-15.52,,,
2020-01-17,59.42485427856445,0.1053820750867462,32400,1925365.2786254885,3.4205775,1.0134666,25871923200.0,2.1590000000000003,1.979,-3.155,522.0,-15.52,,,
2020-01-20,59.98782730102539,0.9473696305958068,124800,7486480.847167969,3.4205775,1.0134666,25871923200.0,2.1590000000000003,1.979,-3.155,522.0,-15.52,,,
2020-01-21,60.05037689208984,0.1042704726586851,61200,3675083.0657958975,3.4205775,1.0134666,25871923200.0,2.1590000000000003,1.979,-3.155,522.0,-15.52,,,
2020-01-22,60.73845672607422,1.1458376609706278,200400,12171986.727905272,3.4205775,1.0134666,25871923200.0,2.1590000000000003,1.979,-3.155,522.0,-15.52,,,
2020-01-23,61.17632293701172,0.7209044064327097,43200,2642817.1508789062,3.4205775,1.0134666,25871923200.0,2.1590000000000003,1.979,-3.155,522.0,-15.52,,,
2020-01-24,60.5508041381836,-1.022485119728711,44400,2688455.703735352,3.4205775,1.0134666,25871923200.0,2.1590000000000003,1.979,-3.155,522.0,-15.52,,,
2020-01-27,59.42485427856445,-1.8595126450337447,112800,6703123.56262207,3.4205775,1.0134666,25871923200.0,2.1590000000000003,1.979,-3.155,522.0,-15.52,,,
2020-01-28,58.924434661865234,-0.8421049117822266,130800,7707316.053771973,3.4205775,1.0134666,25871923200.0,2.1590000000000003,1.979,-3.155,522.0,-15.52,,,
2020-01-29,58.924434661865234,0.0,46800,2757663.542175293,3.4205775,1.0134666,25871923200.0,2.1590000000000003,1.979,-3.155,522.0,-15.52,,,
2020-01-30,58.86188507080078,-0.1061522124452984,117600,6922157.684326172,3.4205775,1.0134666,25871923200.0,2.1590000000000003,1.979,-3.155,522.0,-15.52,,,
2020-01-31,58.79933166503906,-0.1062714958694921,90000,5291939.849853516,3.4205775,1.0134666,25871923200.0,2.1590000000000003,1.979,-3.155,522.0,-15.52,,,
2020-02-03,58.86188507080078,0.106384552324612,153600,9041185.546875,3.4205775,1.0134666,25871923200.0,2.1590000000000003,1.979,-3.155,522.0,-15.52,,,
2020-02-04,59.04954147338867,0.3188080068488697,46800,2763518.54095459,3.4205775,1.0134666,25871923200.0,2.1590000000000003,1.979,-3.155,522.0,-15.52,,,
2020-02-05,59.4874153137207,0.7415363936896346,69600,4140324.105834961,3.4205775,1.0134666,25871923200.0,2.1590000000000003,1.979,-3.155,522.0,-15.52,,,
2020-02-06,59.42485427856445,-0.1051668404591477,58800,3494181.43157959,3.4205775,1.0134666,25871923200.0,2.1590000000000003,1.979,-3.155,522.0,-15.52,,,
2020-02-07,59.42485427856445,0.0,28800,1711435.8032226562,3.4205775,1.0134666,25871923200.0,2.1590000000000003,1.979,-3.155,522.0,-15.52,,,
2020-02-10,59.29974365234375,-0.2105358569904569,44400,2632908.6181640625,3.4205775,1.0134666,25871923200.0,2.1590000000000003,1.979,-3.155,522.0,-15.52,,,
2020-02-12,58.98698806762695,-0.5274147331064127,22800,1344903.3279418943,3.4205775,1.0134666,25871923200.0,2.1590000000000003,1.979,-3.155,522.0,-15.52,,,
2020-02-13,59.112098693847656,0.2120986853528794,32400,1915231.997680664,3.4205775,1.0134666,25871923200.0,2.1590000000000003,1.979,-3.155,522.0,-15.52,,,
2020-02-14,59.29974365234375,0.3174391751305183,93600,5550456.005859375,3.4205775,1.0134666,25871923200.0,2.1590000000000003,1.979,-3.155,522.0,-15.52,,,
2020-02-17,59.23719787597656,-0.1054739405517035,118800,7037379.107666016,3.4205775,1.0134666,25871923200.0,2.1590000000000003,1.979,-3.155,522.0,-15.52,,,
2020-02-18,58.54911422729492,-1.1615735945549988,297600,17424216.39404297,3.4205775,1.0134666,25871923200.0,2.1590000000000003,1.979,-3.155,522.0,-15.52,,,
2020-02-19,58.79933166503906,0.4273633188928594,64800,3810196.6918945312,3.4205775,1.0134666,25871923200.0,2.1590000000000003,1.979,-3.155,522.0,-15.52,,,
2020-02-20,58.48656845092773,-0.5319162739689576,62400,3649561.8713378906,3.4205775,1.0134666,25871923200.0,2.1590000000000003,1.979,-3.155,522.0,-15.52,,,
2020-02-21,58.67422866821289,0.3208603654745179,25200,1478590.5624389648,3.4205775,1.0134666,25871923200.0,2.1590000000000003,1.979,-3.155,522.0,-15.52,,,
2020-02-25,57.29806900024414,-2.3454243868301416,207600,11895079.124450684,3.4205775,1.0134666,25871923200.0,2.1590000000000003,1.979,-3.155,522.0,-15.52,,,
2020-02-26,56.48488998413086,-1.4192084136549488,93600,5286985.702514648,3.4205775,1.0134666,25871923200.0,2.1590000000000003,1.979,-3.155,522.0,-15.52,,,
2020-02-27,56.109561920166016,-0.664475161534861,87600,4915197.624206543,3.4205775,1.0134666,25871923200.0,2.1590000000000003,1.979,-3.155,522.0,-15.52,,,
2020-02-28,53.29471969604492,-5.016689005924013,208800,11127937.47253418,3.4205775,1.0134666,25871923200.0,2.1590000000000003,1.979,-3.155,522.0,-15.52,,,
2020-03-02,54.29556274414063,1.877940354698926,219600,11923305.57861328,3.4205775,1.0134666,25871923200.0,2.1590000000000003,1.979,-3.155,522.0,-15.52,,,
2020-03-03,54.35810089111328,0.1151809536763748,70800,3848553.54309082,3.4205775,1.0134666,25871923200.0,2.1590000000000003,1.979,-3.155,522.0,-15.52,,,
2020-03-04,52.91939163208008,-2.646724656395072,151200,8001412.014770508,3.4205775,1.0134666,25871923200.0,2.1590000000000003,1.979,-3.155,522.0,-15.52,,,
2020-03-05,51.73089599609375,-2.245860353515205,183600,9497792.504882812,3.4205775,1.0134666,25871923200.0,2.1590000000000003,1.979,-3.155,522.0,-15.52,,,
2020-03-06,51.355587005615234,-0.7255025903801338,74400,3820855.673217773,3.4205775,1.0134666,25871923200.0,2.1590000000000003,1.979,-3.155,522.0,-15.52,,,
2020-03-09,46.72669982910156,-9.0134052523001,231600,10821903.680419922,3.4205775,1.0134666,25871923200.0,2.1590000000000003,1.979,-3.155,522.0,-15.52,,,
2020-03-10,45.97606658935547,-1.6064332437160431,246000,11310112.380981443,3.4205775,1.0134666,25871923200.0,2.1590000000000003,1.979,-3.155,522.0,-15.52,,,
2020-03-11,47.66499328613281,3.673491061909085,184800,8808490.759277344,3.4205775,1.0134666,25871923200.0,2.1590000000000003,1.979,-3.155,522.0,-15.52,,,
2020-03-12,44.91267776489258,-5.77429121770372,151200,6790796.878051758,3.4205775,1.0134666,25871923200.0,2.1590000000000003,1.979,-3.155,522.0,-15.52,,,
2020-03-13,39.90847396850586,-11.142074009887724,289200,11541530.671691896,3.4205775,1.0134666,25871923200.0,2.1590000000000003,1.979,-3.155,522.0,-15.52,,,
2020-03-16,40.72166061401367,2.0376290162072985,84000,3420619.4915771484,3.4205775,1.0134666,25871923200.0,2.1590000000000003,1.979,-3.155,522.0,-15.52,,,
2020-03-17,40.471458435058594,-0.6144203728002617,104400,4225220.260620117,3.4205775,1.0134666,25871923200.0,2.1590000000000003,1.979,-3.155,522.0,-15.52,,,
2020-03-18,40.72166061401367,0.6182188352726659,82800,3371753.498840332,3.4205775,1.0134666,25871923200.0,2.1590000000000003,1.979,-3.155,522.0,-15.52,,,
2020-03-19,39.78337860107422,-2.304134946344893,85200,3389543.8568115234,3.4205775,1.0134666,25871923200.0,2.1590000000000003,1.979,-3.155,522.0,-15.52,,,
2020-03-23,40.03358840942383,0.6289305160795289,66000,2642216.8350219727,3.4205775,1.0134666,25871923200.0,2.1590000000000003,1.979,-3.155,522.0,-15.52,,,
2020-03-24,40.97187423706055,2.3437465011651337,120000,4916624.908447266,3.4205775,1.0134666,25871923200.0,2.1590000000000003,1.979,-3.155,522.0,-15.52,,,
2020-03-25,44.59991836547852,8.854962571217385,158400,7064627.069091797,3.4205775,1.0134666,25871923200.0,2.1590000000000003,1.979,-3.155,522.0,-15.52,,,
2020-03-26,46.22628021240234,3.646557900838388,70800,3272820.639038086,3.4205775,1.0134666,25871923200.0,2.1590000000000003,1.979,-3.155,522.0,-15.52,,,
2020-03-27,48.54072570800781,5.006774252591728,68400,3320185.6384277344,3.4205775,1.0134666,25871923200.0,2.1590000000000003,1.979,-3.155,522.0,-15.52,,,
2020-03-30,46.92485427856445,-3.3288983752807533,54000,2533942.1310424805,3.4205775,1.0134666,25871923200.0,2.1590000000000003,1.979,-3.155,522.0,-15.52,,,
2020-03-31,48.92853927612305,4.269986616610311,22800,1115570.6954956057,3.4205775,1.0134666,25871923200.0,2.1590000000000003,1.979,-3.155,522.0,-15.52,,,
2020-04-01,48.15291213989258,-1.5852243858196946,15600,751185.4293823242,3.4205775,1.0134666,25871923200.0,2.1590000000000003,1.979,-3.155,522.0,-15.52,,,
2020-04-02,45.30898284912109,-5.906038003494729,39600,1794235.7208251953,3.4205775,1.0134666,25871923200.0,2.1590000000000003,1.979,-3.155,522.0,-15.52,,,
2020-04-03,43.563846588134766,-3.851634160046435,70800,3084320.3384399414,3.4205775,1.0134666,25871923200.0,2.1590000000000003,1.979,-3.155,522.0,-15.52,,,
2020-04-06,42.01261138916016,-3.5608315620988096,28800,1209963.2080078125,3.4205775,1.0134666,25871923200.0,2.1590000000000003,1.979,-3.155,522.0,-15.52,,,
2020-04-07,42.78822326660156,1.846140603489177,13200,564804.5471191406,3.4205775,1.0134666,25871923200.0,2.1590000000000003,1.979,-3.155,522.0,-15.52,,,
2020-04-08,44.33946228027344,3.625387770851196,204000,9045250.30517578,3.4205775,1.0134666,25871923200.0,2.1590000000000003,1.979,-3.155,522.0,-15.52,,,
2020-04-09,46.343143463134766,4.518956883590275,68400,3169871.012878418,3.4205775,1.0134666,25871923200.0,2.1590000000000003,1.979,-3.155,522.0,-15.52,,,
2020-04-10,47.50656127929688,2.510442169482064,16800,798110.2294921875,3.4205775,1.0134666,25871923200.0,2.1590000000000003,1.979,-3.155,522.0,-15.52,,,
2020-04-13,48.28218460083008,1.632665679532597,32400,1564342.7810668943,3.4205775,1.0134666,25871923200.0,2.1590000000000003,1.979,-3.155,522.0,-15.52,,,
2020-04-14,48.41145706176758,0.267743603580195,31200,1510437.4603271484,3.4205775,1.0134666,25871923200.0,2.1590000000000003,1.979,-3.155,522.0,-15.52,,,
2020-04-15,48.08827972412109,-0.6675637488748665,32400,1558060.2630615234,3.4205775,1.0134666,25871923200.0,2.1590000000000003,1.979,-3.155,522.0,-15.52,,,
2020-04-16,48.15291213989258,0.1344036762019218,24000,1155669.891357422,3.4205775,1.0134666,25871923200.0,2.1590000000000003,1.979,-3.155,522.0,-15.52,,,
2020-04-17,48.02364349365234,-0.268454472420454,56400,2708533.493041992,3.4205775,1.0134666,25871923200.0,2.1590000000000003,1.979,-3.155,522.0,-15.52,,,
2020-04-20,48.21754837036133,0.4037696072240138,24000,1157221.160888672,3.4205775,1.0134666,25871923200.0,2.1590000000000003,1.979,-3.155,522.0,-15.52,,,
2020-04-21,48.34682083129883,0.2681025172506679,24000,1160323.699951172,3.4205775,1.0134666,25871923200.0,2.1590000000000003,1.979,-3.155,522.0,-15.52,,,
2020-04-22,47.18339157104492,-2.406423504688282,52800,2491283.074951172,3.4205775,1.0134666,25871923200.0,2.1590000000000003,1.979,-3.155,522.0,-15.52,,,
2020-04-23,47.05412292480469,-0.2739706535203057,80400,3783151.483154297,3.4205775,1.0134666,25871923200.0,2.1590000000000003,1.979,-3.155,522.0,-15.52,,,
2020-04-24,46.21387481689453,-1.7857055995984084,198000,9150347.213745115,3.4205775,1.0134666,25871923200.0,2.1590000000000003,1.979,-3.155,522.0,-15.52,,,
2020-04-27,45.95533752441406,-0.5594365188048567,25200,1158074.5056152344,3.4205775,1.0134666,25871923200.0,2.1590000000000003,1.979,-3.155,522.0,-15.52,,,
2020-04-28,45.30898284912109,-1.4064844479699246,48000,2174831.1767578125,3.4205775,1.0134666,25871923200.0,2.1590000000000003,1.979,-3.155,522.0,-15.52,,,
2020-04-30,45.63215637207031,0.7132658970195438,136800,6242478.991699219,3.4205775,1.0134666,25871923200.0,2.1590000000000003,1.979,-3.155,522.0,-15.52,,,
2020-05-01,45.50288391113281,-0.2832924656977709,16800,764448.4497070312,3.4205775,1.0134666,25871923200.0,2.1590000000000003,1.979,-3.155,522.0,-15.52,,,
2020-05-07,45.115081787109375,-0.8522583420884189,27600,1245176.2573242188,3.4205775,1.0134666,25871923200.0,2.1590000000000003,1.979,-3.155,522.0,-15.52,,,
2020-05-08,45.30898284912109,0.4297921101566571,37200,1685494.1619873047,3.4205775,1.0134666,25871923200.0,2.1590000000000003,1.979,-3.155,522.0,-15.52,,,
2020-05-11,45.89069747924805,1.2838836662126374,43200,1982478.131103516,3.4205775,1.0134666,25871923200.0,2.1590000000000003,1.979,-3.155,522.0,-15.52,,,
2020-05-12,46.01997375488281,0.2817047522392091,20400,938807.4645996094,3.4205775,1.0134666,25871923200.0,2.1590000000000003,1.979,-3.155,522.0,-15.52,,,
2020-05-13,45.37362289428711,-1.4045007153597575,44400,2014588.856506348,3.4205775,1.0134666,25871923200.0,2.1590000000000003,1.979,-3.155,522.0,-15.52,,,
2020-05-14,44.98580932617188,-0.8547114895779306,44400,1997369.9340820312,3.4205775,1.0134666,25871923200.0,2.1590000000000003,1.979,-3.155,522.0,-15.52,,,
2020-05-15,45.24434661865234,0.5747085499916871,24000,1085864.3188476562,3.4205775,1.0134666,25871923200.0,2.1590000000000003,1.979,-3.155,522.0,-15.52,,,
2020-05-18,45.82606506347656,1.2857262581937643,10800,494921.5026855469,3.4205775,1.0134666,25871923200.0,2.1590000000000003,1.979,-3.155,522.0,-15.52,,,
2020-05-19,46.472412109375,1.4104354039631062,25200,1171104.78515625,3.4205775,1.0134666,25871923200.0,2.1590000000000003,1.979,-3.155,522.0,-15.52,,,
2020-05-20,47.18339157104492,1.5298957583621764,134400,6341447.8271484375,3.4205775,1.0134666,25871923200.0,2.1590000000000003,1.979,-3.155,522.0,-15.52,,,
2020-05-21,47.50656127929688,0.6849225913854617,63600,3021417.297363281,3.4205775,1.0134666,25871923200.0,2.1590000000000003,1.979,-3.155,522.0,-15.52,,,
2020-05-22,47.05412292480469,-0.952370245937706,24000,1129298.9501953125,3.4205775,1.0134666,25871923200.0,2.1590000000000003,1.979,-3.155,522.0,-15.52,,,
2020-05-25,47.50656127929688,0.9615275482133924,109200,5187716.491699219,3.4205775,1.0134666,25871923200.0,2.1590000000000003,1.979,-3.155,522.0,-15.52,,,
2020-05-26,48.79925537109375,2.721085376390376,228000,11126230.224609377,3.4205775,1.0134666,25871923200.0,2.1590000000000003,1.979,-3.155,522.0,-15.52,,,
2020-05-27,55.19810104370117,13.11258875560175,2030400,112074224.35913086,3.4205775,1.0134666,25871923200.0,2.1590000000000003,1.979,-3.155,522.0,-15.52,,,
2020-05-28,53.12980270385742,-3.747046185893688,356400,18935461.683654785,3.4205775,1.0134666,25871923200.0,2.1590000000000003,1.979,-3.155,522.0,-15.52,,,
2020-05-29,52.224910736083984,-1.7031720836933162,223200,11656600.076293943,3.4205775,1.0134666,25871923200.0,2.1590000000000003,1.979,-3.155,522.0,-15.52,,,
2020-06-01,50.35049057006836,-3.5891304352589803,202800,10211079.487609863,3.4205775,1.0134666,25871923200.0,2.1590000000000003,1.979,-3.155,522.0,-15.52,,,
2020-06-02,50.027320861816406,-0.6418402374892995,104400,5222852.297973633,3.4205775,1.0134666,25871923200.0,2.1590000000000003,1.979,-3.155,522.0,-15.52,,,
2020-06-03,50.544395446777344,1.033584401589649,117600,5944020.904541016,3.4205775,1.0134666,25871923200.0,2.1590000000000003,1.979,-3.155,522.0,-15.52,,,
2020-06-04,50.221229553222656,-0.6393703806290008,54000,2711946.3958740234,3.4205775,1.0134666,25871923200.0,2.1590000000000003,1.979,-3.155,522.0,-15.52,,,
2020-06-05,52.35417938232422,4.247107942351636,258000,13507378.280639648,3.4205775,1.0134666,25871923200.0,2.1590000000000003,1.979,-3.155,522.0,-15.52,,,
2020-06-08,52.677337646484375,0.6172539957130185,158400,8344090.283203125,3.4205775,1.0134666,25871923200.0,2.1590000000000003,1.979,-3.155,522.0,-15.52,,,
2020-06-09,52.224910736083984,-0.8588644199078788,58800,3070824.7512817383,3.4205775,1.0134666,25871923200.0,2.1590000000000003,1.979,-3.155,522.0,-15.52,,,
2020-06-10,51.96636581420898,-0.4950605338160274,32400,1683710.252380371,3.4205775,1.0134666,25871923200.0,2.1590000000000003,1.979,-3.155,522.0,-15.52,,,
2020-06-11,51.6431999206543,-0.6218751080459883,67200,3470423.0346679688,3.4205775,1.0134666,25871923200.0,2.1590000000000003,1.979,-3.155,522.0,-15.52,,,
2020-06-12,50.738311767578125,-1.7521922624207265,120000,6088597.412109375,3.4205775,1.0134666,25871923200.0,2.1590000000000003,1.979,-3.155,522.0,-15.52,,,
2020-06-15,50.80294418334961,0.1273838516101078,39600,2011796.5896606443,3.4205775,1.0134666,25871923200.0,2.1590000000000003,1.979,-3.155,522.0,-15.52,,,
2020-06-16,51.6431999206543,1.6539508699971783,85200,4400000.633239746,3.4205775,1.0134666,25871923200.0,2.1590000000000003,1.979,-3.155,522.0,-15.52,,,
2020-06-17,51.1261100769043,-1.0012738260690046,37200,1901891.29486084,3.4205775,1.0134666,25871923200.0,2.1590000000000003,1.979,-3.155,522.0,-15.52,,,
2020-06-18,51.70782470703125,1.137803422266881,25200,1303037.1826171875,3.4205775,1.0134666,25871923200.0,2.1590000000000003,1.979,-3.155,522.0,-15.52,,,
2020-06-19,52.031005859375,0.6250140170754648,55200,2872111.5234375,3.4205775,1.0134666,25871923200.0,2.1590000000000003,1.979,-3.155,522.0,-15.52,,,
2020-06-22,52.1602668762207,0.2484307476104952,42000,2190731.208801269,3.4205775,1.0134666,25871923200.0,2.1590000000000003,1.979,-3.155,522.0,-15.52,,,
2020-06-23,51.83709716796875,-0.6195706571418658,30000,1555112.9150390625,3.4205775,1.0134666,25871923200.0,2.1590000000000003,1.979,-3.155,522.0,-15.52,,,
2020-06-24,51.70782470703125,-0.2493821375039839,32400,1675333.5205078125,3.4205775,1.0134666,25871923200.0,2.1590000000000003,1.979,-3.155,522.0,-15.52,,,
2020-06-25,51.70782470703125,0.0,39600,2047629.8583984373,3.4205775,1.0134666,25871923200.0,2.1590000000000003,1.979,-3.155,522.0,-15.52,,,
2020-06-26,52.80662155151367,2.1250107710158783,194400,10265607.229614258,3.4205775,1.0134666,25871923200.0,2.1590000000000003,1.979,-3.155,522.0,-15.52,,,
2020-06-29,52.35417938232422,-0.856790599163948,55200,2889950.701904297,3.4205775,1.0134666,25871923200.0,2.1590000000000003,1.979,-3.155,522.0,-15.52,,,
2020-06-30,53.194427490234375,1.604930337603272,39600,2106499.328613281,3.4205775,1.0134666,25871923200.0,2.1590000000000003,1.979,-3.155,522.0,-15.52,,,
2020-07-01,53.5176010131836,0.6075326649742641,30000,1605528.0303955078,3.4205775,1.0134666,25871923200.0,2.1590000000000003,1.979,-3.155,522.0,-15.52,,,
2020-07-02,53.32370376586914,-0.3623055661009289,46800,2495549.336242676,3.4205775,1.0134666,25871923200.0,2.1590000000000003,1.979,-3.155,522.0,-15.52,,,
2020-07-03,53.38833999633789,0.1212148179964289,15600,832858.1039428711,3.4205775,1.0134666,25871923200.0,2.1590000000000003,1.979,-3.155,522.0,-15.52,,,
2020-07-06,53.194427490234375,-0.3632113418713056,61200,3255498.962402344,3.4205775,1.0134666,25871923200.0,2.1590000000000003,1.979,-3.155,522.0,-15.52,,,
2020-07-07,53.64687347412109,0.8505514679517434,14400,772514.9780273438,3.4205775,1.0134666,25871923200.0,2.1590000000000003,1.979,-3.155,522.0,-15.52,,,
2020-07-08,53.12980270385742,-0.963841388656328,8400,446290.3427124024,3.4205775,1.0134666,25871923200.0,2.1590000000000003,1.979,-3.155,522.0,-15.52,,,
2020-07-09,53.06515884399414,-0.1216715601667139,10800,573103.7155151367,3.4205775,1.0134666,25871923200.0,2.1590000000000003,1.979,-3.155,522.0,-15.52,,,
2020-07-10,52.4188117980957,-1.218025273039558,26400,1383856.6314697266,3.4205775,1.0134666,25871923200.0,2.1590000000000003,1.979,-3.155,522.0,-15.52,,,
2020-07-13,53.38833999633789,1.8495806466895413,140400,7495722.93548584,3.4205775,1.0134666,25871923200.0,2.1590000000000003,1.979,-3.155,522.0,-15.52,,,
2020-07-14,53.25905990600586,-0.2421504214982106,19200,1022573.9501953124,3.4205775,1.0134666,25871923200.0,2.1590000000000003,1.979,-3.155,522.0,-15.52,,,
2020-07-15,54.35785675048828,2.063117235680889,64800,3522389.1174316406,3.4205775,1.0134666,25871923200.0,2.1590000000000003,1.979,-3.155,522.0,-15.52,,,
2020-07-16,55.00419998168945,1.1890520889519252,50400,2772211.6790771484,3.4205775,1.0134666,25871923200.0,2.1590000000000003,1.979,-3.155,522.0,-15.52,,,
2020-07-17,54.61639404296875,-0.7050478669807014,13200,720936.4013671875,3.4205775,1.0134666,25871923200.0,2.1590000000000003,1.979,-3.155,522.0,-15.52,,,
2020-07-20,54.422489166259766,-0.3550305363558603,15600,848990.8309936523,3.4205775,1.0134666,25871923200.0,2.1590000000000003,1.979,-3.155,522.0,-15.52,,,
2020-07-21,53.97004699707031,-0.831351480097231,16800,906696.7895507812,3.4205775,1.0134666,25871923200.0,2.1590000000000003,1.979,-3.155,522.0,-15.52,,,
2020-07-22,53.32370376586914,-1.1975961985659531,72000,3839306.671142578,3.4205775,1.0134666,25871923200.0,2.1590000000000003,1.979,-3.155,522.0,-15.52,,,
2020-07-27,53.64687347412109,0.6060526284350276,15600,836891.2261962891,3.4205775,1.0134666,25871923200.0,2.1590000000000003,1.979,-3.155,522.0,-15.52,,,
2020-07-28,53.12980270385742,-0.963841388656328,40800,2167695.950317383,3.4205775,1.0134666,25871923200.0,2.1590000000000003,1.979,-3.155,522.0,-15.52,,,
2020-07-29,52.93589019775391,-0.3649787807125326,13200,698753.7506103516,3.4205775,1.0134666,25871923200.0,2.1590000000000003,1.979,-3.155,522.0,-15.52,,,
2020-07-30,53.58223724365234,1.2209996724034775,22800,1221675.0091552734,3.4205775,1.0134666,25871923200.0,2.1590000000000003,1.979,-3.155,522.0,-15.52,,,
2020-07-31,51.7724609375,-3.3775676404156463,27600,1428919.921875,3.4205775,1.0134666,25871923200.0,2.1590000000000003,1.979,-3.155,522.0,-15.52,,,
2020-08-03,52.09563446044922,0.6242189710459201,2400,125029.52270507812,3.4205775,1.0134666,25871923200.0,2.1590000000000003,1.979,-3.155,522.0,-15.52,,,
2020-08-04,52.61272048950195,0.9925707487933532,6000,315676.3229370117,3.4205775,1.0134666,25871923200.0,2.1590000000000003,1.979,-3.155,522.0,-15.52,,,
2020-08-05,52.677337646484375,0.1228166047701595,30000,1580320.1293945312,3.4205775,1.0134666,25871923200.0,2.1590000000000003,1.979,-3.155,522.0,-15.52,,,
2020-08-06,53.194427490234375,0.9816172700681358,7200,382999.8779296875,3.4205775,1.0134666,25871923200.0,2.1590000000000003,1.979,-3.155,522.0,-15.52,,,
2020-08-07,53.00052261352539,-0.3645210332315018,8400,445204.3899536133,3.4205775,1.0134666,25871923200.0,2.1590000000000003,1.979,-3.155,522.0,-15.52,,,
2020-08-11,53.97004699707031,1.8292732519160195,24000,1295281.1279296875,3.4205775,1.0134666,25871923200.0,2.1590000000000003,1.979,-3.155,522.0,-15.52,,,
2020-08-12,49.44561004638672,-8.383237003534937,376800,18631105.86547852,3.4205775,1.0134666,25871923200.0,2.1590000000000003,1.979,-3.155,522.0,-15.52,,,
2020-08-13,49.70415115356445,0.5228798005226132,157200,7813492.561340332,3.4205775,1.0134666,25871923200.0,2.1590000000000003,1.979,-3.155,522.0,-15.52,,,
2020-08-14,49.6395149230957,-0.13004191595396,75600,3752747.328186035,3.4205775,1.0134666,25871923200.0,2.1590000000000003,1.979,-3.155,522.0,-15.52,,,
2020-08-17,49.57487487792969,-0.1302189299515865,27600,1368266.5466308594,3.4205775,1.0134666,25871923200.0,2.1590000000000003,1.979,-3.155,522.0,-15.52,,,
2020-08-18,49.1224365234375,-0.9126364022223888,126000,6189427.001953125,3.4205775,1.0134666,25871923200.0,2.1590000000000003,1.979,-3.155,522.0,-15.52,,,
2020-08-19,48.92853927612305,-0.3947223733943628,99600,4873282.511901856,3.4205775,1.0134666,25871923200.0,2.1590000000000003,1.979,-3.155,522.0,-15.52,,,
2020-08-20,48.79925537109375,-0.2642300525255714,130800,6382942.602539063,3.4205775,1.0134666,25871923200.0,2.1590000000000003,1.979,-3.155,522.0,-15.52,,,
2020-08-21,48.86389923095703,0.1324689472650631,45600,2228193.8049316406,3.4205775,1.0134666,25871923200.0,2.1590000000000003,1.979,-3.155,522.0,-15.52,,,
2020-08-24,48.79925537109375,-0.1322936991944523,13200,644150.1708984375,3.4205775,1.0134666,25871923200.0,2.1590000000000003,1.979,-3.155,522.0,-15.52,,,
2020-08-25,50.15659713745117,2.781480487838439,49200,2467704.5791625977,3.4205775,1.0134666,25871923200.0,2.1590000000000003,1.979,-3.155,522.0,-15.52,,,
2020-08-26,49.8980598449707,-0.5154601931465996,76800,3832170.99609375,3.4205775,1.0134666,25871923200.0,2.1590000000000003,1.979,-3.155,522.0,-15.52,,,
2020-08-27,49.57487487792969,-0.6476904473743605,27600,1368266.5466308594,3.4205775,1.0134666,25871923200.0,2.1590000000000003,1.979,-3.155,522.0,-15.52,,,
2020-08-28,49.44561004638672,-0.2607466622180365,27600,1364698.8372802734,3.4205775,1.0134666,25871923200.0,2.1590000000000003,1.979,-3.155,522.0,-15.52,,,
2020-08-31,50.221229553222656,1.5686316866316383,19200,964247.607421875,3.4205775,1.0134666,25871923200.0,2.1590000000000003,1.979,-3.155,522.0,-15.52,,,
2020-09-01,50.28586196899414,0.1286954069951384,33600,1689604.9621582031,3.4205775,1.0134666,25871923200.0,2.1590000000000003,1.979,-3.155,522.0,-15.52,,,
2020-09-02,50.41513442993164,0.2570751616372879,15600,786476.0971069336,3.4205775,1.0134666,25871923200.0,2.1590000000000003,1.979,-3.155,522.0,-15.52,,,
2020-09-03,50.41513442993164,0.0,15600,786476.0971069336,3.4205775,1.0134666,25871923200.0,2.1590000000000003,1.979,-3.155,522.0,-15.52,,,
2020-09-04,50.15659713745117,-0.5128168265420174,10800,541691.2490844727,3.4205775,1.0134666,25871923200.0,2.1590000000000003,1.979,-3.155,522.0,-15.52,,,
2020-09-07,50.41513442993164,0.5154601931466107,28800,1451955.8715820312,3.4205775,1.0134666,25871923200.0,2.1590000000000003,1.979,-3.155,522.0,-15.52,,,
2020-09-08,52.87124633789063,4.871774985292476,70800,3743284.240722656,3.4205775,1.0134666,25871923200.0,2.1590000000000003,1.979,-3.155,522.0,-15.52,,,
2020-09-09,52.4188117980957,-0.8557289096298049,30000,1572564.353942871,3.4205775,1.0134666,25871923200.0,2.1590000000000003,1.979,-3.155,522.0,-15.52,,,
2020-09-10,52.61272048950195,0.3699219512131257,42000,2209734.260559082,3.4205775,1.0134666,25871923200.0,2.1590000000000003,1.979,-3.155,522.0,-15.52,,,
2020-09-11,52.35417938232422,-0.4914041790127998,21600,1130850.2746582031,3.4205775,1.0134666,25871923200.0,2.1590000000000003,1.979,-3.155,522.0,-15.52,,,
2020-09-14,52.35417938232422,0.0,31200,1633450.3967285156,3.4205775,1.0134666,25871923200.0,2.1590000000000003,1.979,-3.155,522.0,-15.52,,,
2020-09-15,53.64687347412109,2.4691325641011064,13200,708138.7298583984,3.4205775,1.0134666,25871923200.0,2.1590000000000003,1.979,-3.155,522.0,-15.52,,,
2020-09-16,53.25905990600586,-0.7229005960660784,58800,3131632.7224731445,3.4205775,1.0134666,25871923200.0,2.1590000000000003,1.979,-3.155,522.0,-15.52,,,
2020-09-17,53.00052261352539,-0.4854334510161262,18000,954009.407043457,3.4205775,1.0134666,25871923200.0,2.1590000000000003,1.979,-3.155,522.0,-15.52,,,
2020-09-18,54.22858428955078,2.3170746541129272,44400,2407749.1424560547,3.4205775,1.0134666,25871923200.0,2.1590000000000003,1.979,-3.155,522.0,-15.52,,,
2020-09-23,53.58223724365234,-1.191893637582908,36000,1928960.5407714844,3.4205775,1.0134666,25871923200.0,2.1590000000000003,1.979,-3.155,522.0,-15.52,,,
2020-09-24,52.74198913574219,-1.5681467425283646,60000,3164519.3481445312,3.4205775,1.0134666,25871923200.0,2.1590000000000003,1.979,-3.155,522.0,-15.52,,,
2020-09-25,53.06515884399414,0.6127370498298923,44400,2356093.05267334,3.4205775,1.0134666,25871923200.0,2.1590000000000003,1.979,-3.155,522.0,-15.52,,,
2020-09-28,53.32370376586914,0.4872216111424299,58800,3135433.781433105,3.4205775,1.0134666,25871923200.0,2.1590000000000003,1.979,-3.155,522.0,-15.52,,,
2020-09-29,53.38945007324219,0.1232965880647141,81600,4356579.1259765625,3.4205775,1.0134666,25871923200.0,2.1590000000000003,1.979,-3.155,522.0,-15.52,,,
2020-09-30,52.66618728637695,-1.3546923331726135,19200,1011190.7958984376,3.4205775,1.0134666,25871923200.0,2.1590000000000003,1.979,-3.155,522.0,-15.52,,,
2020-10-02,53.19219207763672,0.9987523653451014,63600,3383023.416137696,3.4205775,1.0134666,25871923200.0,2.1590000000000003,1.979,-3.155,522.0,-15.52,,,
2020-10-05,53.12644577026367,-0.1236014249555439,32400,1721296.842956543,3.4205775,1.0134666,25871923200.0,2.1590000000000003,1.979,-3.155,522.0,-15.52,,,
2020-10-06,52.73193740844727,-0.7425837661386048,25200,1328844.822692871,3.4205775,1.0134666,25871923200.0,2.1590000000000003,1.979,-3.155,522.0,-15.52,,,
2020-10-07,53.32369995117188,1.1222089909971975,10800,575895.9594726562,3.4205775,1.0134666,25871923200.0,2.1590000000000003,1.979,-3.155,522.0,-15.52,,,
2020-10-08,53.520957946777344,0.3699255599031836,8400,449576.0467529297,3.4205775,1.0134666,25871923200.0,2.1590000000000003,1.979,-3.155,522.0,-15.52,,,
2020-10-09,53.71820068359375,0.3685336443576936,13200,709080.2490234375,3.4205775,1.0134666,25871923200.0,2.1590000000000003,1.979,-3.155,522.0,-15.52,,,
2020-10-12,53.19219207763672,-0.9791999718219868,34800,1851088.2843017576,3.4205775,1.0134666,25871923200.0,2.1590000000000003,1.979,-3.155,522.0,-15.52,,,
2020-10-13,52.66618728637695,-0.9888759434693584,36000,1895982.7423095703,3.4205775,1.0134666,25871923200.0,2.1590000000000003,1.979,-3.155,522.0,-15.52,,,
2020-10-14,52.60043716430664,-0.12484314027289,28800,1514892.5903320312,3.4205775,1.0134666,25871923200.0,2.1590000000000003,1.979,-3.155,522.0,-15.52,,,
2020-10-15,52.27168655395508,-0.6249959659549109,22800,1191794.4534301758,3.4205775,1.0134666,25871923200.0,2.1590000000000003,1.979,-3.155,522.0,-15.52,,,
2020-10-16,52.337440490722656,0.1257926443595902,18000,942073.9288330078,3.4205775,1.0134666,25871923200.0,2.1590000000000003,1.979,-3.155,522.0,-15.52,,,
2020-10-19,52.46894073486328,0.2512546332179344,4800,251850.9155273437,3.4205775,1.0134666,25871923200.0,2.1590000000000003,1.979,-3.155,522.0,-15.52,,,
2020-10-20,52.53469467163086,0.1253197336303246,15600,819541.2368774414,3.4205775,1.0134666,25871923200.0,2.1590000000000003,1.979,-3.155,522.0,-15.52,,,
2020-10-21,53.12644577026367,1.1264005669616273,14400,765020.8190917969,3.4205775,1.0134666,25871923200.0,2.1590000000000003,1.979,-3.155,522.0,-15.52,,,
2020-10-22,52.53469467163086,-1.113854107974288,4800,252166.53442382807,3.4205775,1.0134666,25871923200.0,2.1590000000000003,1.979,-3.155,522.0,-15.52,,,
2020-10-23,52.66618728637695,0.2502967145197932,7200,379196.54846191406,3.4205775,1.0134666,25871923200.0,2.1590000000000003,1.979,-3.155,522.0,-15.52,,,
2020-10-26,52.53469467163086,-0.249671794221773,8400,441291.4352416992,3.4205775,1.0134666,25871923200.0,2.1590000000000003,1.979,-3.155,522.0,-15.52,,,
2020-10-27,52.929195404052734,0.7509337113077441,28800,1524360.8276367188,3.4205775,1.0134666,25871923200.0,2.1590000000000003,1.979,-3.155,522.0,-15.52,,,
2020-10-28,52.79768371582031,-0.2484671970327201,12000,633572.2045898438,3.4205775,1.0134666,25871923200.0,2.1590000000000003,1.979,-3.155,522.0,-15.52,,,
2020-10-29,52.27168655395508,-0.99625045048638,10800,564534.2147827148,3.4205775,1.0134666,25871923200.0,2.1590000000000003,1.979,-3.155,522.0,-15.52,,,
2020-10-30,52.27168655395508,0.0,36000,1881780.7159423828,3.4205775,1.0134666,25871923200.0,2.1590000000000003,1.979,-3.155,522.0,-15.52,,,
2020-11-02,52.07443237304688,-0.3773633374247409,9600,499914.55078125,3.4205775,1.0134666,25871923200.0,2.1590000000000003,1.979,-3.155,522.0,-15.52,,,
2020-11-04,52.40319061279297,0.631323712548526,7200,377302.9724121094,3.4205775,1.0134666,25871923200.0,2.1590000000000003,1.979,-3.155,522.0,-15.52,,,
2020-11-05,51.94293594360352,-0.8782951263221261,42000,2181603.309631348,3.4205775,1.0134666,25871923200.0,2.1590000000000003,1.979,-3.155,522.0,-15.52,,,
2020-11-06,52.27168655395508,0.6329072555862014,16800,878164.3341064453,3.4205775,1.0134666,25871923200.0,2.1590000000000003,1.979,-3.155,522.0,-15.52,,,
2020-11-09,52.00868225097656,-0.5031486839573107,19200,998566.69921875,3.4205775,1.0134666,25871923200.0,2.1590000000000003,1.979,-3.155,522.0,-15.52,,,
2020-11-10,51.94293594360352,-0.1264140995839491,49200,2555592.448425293,3.4205775,1.0134666,25871923200.0,2.1590000000000003,1.979,-3.155,522.0,-15.52,,,
2020-11-11,52.27168655395508,0.6329072555862014,96000,5018081.909179688,3.4205775,1.0134666,25871923200.0,2.1590000000000003,1.979,-3.155,522.0,-15.52,,,
2020-11-12,52.73193740844727,0.8804974257279996,22800,1202288.1729125977,3.4205775,1.0134666,25871923200.0,2.1590000000000003,1.979,-3.155,522.0,-15.52,,,
2020-11-13,52.60043716430664,-0.2493749530233624,15600,820566.8197631836,3.4205775,1.0134666,25871923200.0,2.1590000000000003,1.979,-3.155,522.0,-15.52,,,
2020-11-16,52.27168655395508,-0.6249959659549109,56400,2948123.1216430664,3.4205775,1.0134666,25871923200.0,2.1590000000000003,1.979,-3.155,522.0,-15.52,,,
2020-11-17,52.2059326171875,-0.1257926443595902,31200,1628825.09765625,3.4205775,1.0134666,25871923200.0,2.1590000000000003,1.979,-3.155,522.0,-15.52,,,
2020-11-18,51.679935455322266,-1.0075428892770355,31200,1612413.9862060547,3.4205775,1.0134666,25871923200.0,2.1590000000000003,1.979,-3.155,522.0,-15.52,,,
2020-11-19,51.87718200683594,0.3816695005050663,21600,1120547.1313476562,3.4205775,1.0134666,25871923200.0,2.1590000000000003,1.979,-3.155,522.0,-15.52,,,
2020-11-20,52.337440490722656,0.8872079517080689,42000,2198172.500610352,3.4205775,1.0134666,25871923200.0,2.1590000000000003,1.979,-3.155,522.0,-15.52,,,
2020-11-24,52.66618728637695,0.6281292943864258,69600,3665566.635131836,3.4205775,1.0134666,25871923200.0,2.1590000000000003,1.979,-3.155,522.0,-15.52,,,
2020-11-25,52.46894073486328,-0.3745221776566554,32400,1699993.6798095703,3.4205775,1.0134666,25871923200.0,2.1590000000000003,1.979,-3.155,522.0,-15.52,,,
2020-11-26,53.84970474243164,2.63158353919446,108000,5815768.112182617,3.4205775,1.0134666,25871923200.0,2.1590000000000003,1.979,-3.155,522.0,-15.52,,,
2020-11-27,53.981204986572266,0.2441986353864056,27600,1489881.2576293943,3.4205775,1.0134666,25871923200.0,2.1590000000000003,1.979,-3.155,522.0,-15.52,,,
2020-11-30,54.50720977783203,0.9744221000450136,63600,3466658.541870117,3.4205775,1.0134666,25871923200.0,2.1590000000000003,1.979,-3.155,522.0,-15.52,,,
2020-12-01,54.77020263671875,0.482491875769564,46800,2563245.483398437,3.4205775,1.0134666,25871923200.0,2.1590000000000003,1.979,-3.155,522.0,-15.52,,,
2020-12-02,54.37570190429688,-0.7202834998412011,13200,717759.2651367188,3.4205775,1.0134666,25871923200.0,2.1590000000000003,1.979,-3.155,522.0,-15.52,,,
2020-12-03,53.84970474243164,-0.9673386153083774,40800,2197067.953491211,3.4205775,1.0134666,25871923200.0,2.1590000000000003,1.979,-3.155,522.0,-15.52,,,
2020-12-04,54.112701416015625,0.4883901868021789,10800,584417.1752929688,3.4205775,1.0134666,25871923200.0,2.1590000000000003,1.979,-3.155,522.0,-15.52,,,
2020-12-07,53.58668899536133,-0.9720683072359292,40800,2186336.911010742,3.4205775,1.0134666,25871923200.0,2.1590000000000003,1.979,-3.155,522.0,-15.52,,,
2020-12-08,53.38945007324219,-0.3680744711363148,27600,1473548.8220214844,3.4205775,1.0134666,25871923200.0,2.1590000000000003,1.979,-3.155,522.0,-15.52,,,
2020-12-09,53.19219207763672,-0.3694699895482323,40800,2170241.436767578,3.4205775,1.0134666,25871923200.0,2.1590000000000003,1.979,-3.155,522.0,-15.52,,,
2020-12-10,51.87718200683594,-2.4721862729053523,416400,21601658.587646484,3.4205775,1.0134666,25871923200.0,2.1590000000000003,1.979,-3.155,522.0,-15.52,,,
2020-12-11,52.2059326171875,0.6337094607572258,58800,3069708.837890625,3.4205775,1.0134666,25871923200.0,2.1590000000000003,1.979,-3.155,522.0,-15.52,,,
2020-12-14,51.87718200683594,-0.6297188726848479,32400,1680820.6970214844,3.4205775,1.0134666,25871923200.0,2.1590000000000003,1.979,-3.155,522.0,-15.52,,,
2020-12-15,51.87718200683594,0.0,453600,23531489.75830078,3.4205775,1.0134666,25871923200.0,2.1590000000000003,1.979,-3.155,522.0,-15.52,,,
2020-12-16,51.87718200683594,0.0,22800,1182799.7497558594,3.4205775,1.0134666,25871923200.0,2.1590000000000003,1.979,-3.155,522.0,-15.52,,,
2020-12-17,52.00868225097656,0.2534837843028992,217200,11296285.78491211,3.4205775,1.0134666,25871923200.0,2.1590000000000003,1.979,-3.155,522.0,-15.52,,,
2020-12-18,52.27168655395508,0.5056930719939068,37200,1944506.739807129,3.4205775,1.0134666,25871923200.0,2.1590000000000003,1.979,-3.155,522.0,-15.52,,,
2020-12-21,51.81143569946289,-0.8804974257280107,104400,5409113.887023926,3.4205775,1.0134666,25871923200.0,2.1590000000000003,1.979,-3.155,522.0,-15.52,,,
2020-12-22,52.00868225097656,0.3807008025367597,75600,3931856.378173828,3.4205775,1.0134666,25871923200.0,2.1590000000000003,1.979,-3.155,522.0,-15.52,,,
2020-12-23,51.74568939208984,-0.5056710677990295,102000,5278060.317993164,3.4205775,1.0134666,25871923200.0,2.1590000000000003,1.979,-3.155,522.0,-15.52,,,
2020-12-24,51.153926849365234,-1.14359775601921,54000,2762312.0498657227,3.4205775,1.0134666,25871923200.0,2.1590000000000003,1.979,-3.155,522.0,-15.52,,,
2020-12-25,51.153926849365234,0.0,117600,6015701.797485352,3.4205775,1.0134666,25871923200.0,2.1590000000000003,1.979,-3.155,522.0,-15.52,,,
2020-12-28,51.153926849365234,0.0,145200,7427550.178527832,3.4205775,1.0134666,25871923200.0,2.1590000000000003,1.979,-3.155,522.0,-15.52,,,
2020-12-29,50.75942611694336,-0.7712032227429444,105600,5360195.397949219,3.4205775,1.0134666,25871923200.0,2.1590000000000003,1.979,-3.155,522.0,-15.52,,,
2020-12-30,51.48268127441406,1.4248686653872245,37200,1915155.7434082031,3.4205775,1.0134666,25871923200.0,2.1590000000000003,1.979,-3.155,522.0,-15.52,,,
2021-01-04,51.285430908203125,-0.3831392641722497,34800,1784732.9956054688,3.4205775,1.0134666,25871923200.0,2.1590000000000003,1.979,-3.155,522.0,-15.52,,,
2021-01-05,51.153926849365234,-0.2564160162235374,48000,2455388.4887695312,3.4205775,1.0134666,25871923200.0,2.1590000000000003,1.979,-3.155,522.0,-15.52,,,
2021-01-06,51.61418151855469,0.899744550491266,15600,805181.2316894531,3.4205775,1.0134666,25871923200.0,2.1590000000000003,1.979,-3.155,522.0,-15.52,,,
2021-01-07,51.94293594360352,0.6369459233421138,51600,2680255.4946899414,3.4205775,1.0134666,25871923200.0,2.1590000000000003,1.979,-3.155,522.0,-15.52,,,
2021-01-08,50.95668029785156,-1.8987291107741224,75600,3852325.030517578,3.4205775,1.0134666,25871923200.0,2.1590000000000003,1.979,-3.155,522.0,-15.52,,,
2021-01-12,51.21967697143555,0.5161181459363506,19200,983417.7978515624,3.4205775,1.0134666,25871923200.0,2.1590000000000003,1.979,-3.155,522.0,-15.52,,,
2021-01-13,50.56217956542969,-1.283681282044269,112800,5703413.854980469,3.4205775,1.0134666,25871923200.0,2.1590000000000003,1.979,-3.155,522.0,-15.52,,,
2021-01-14,51.41692352294922,1.6904808393662265,45600,2344611.7126464844,3.4205775,1.0134666,25871923200.0,2.1590000000000003,1.979,-3.155,522.0,-15.52,,,
2021-01-15,50.95668029785156,-0.8951201152520016,13200,672628.1799316406,3.4205775,1.0134666,25871923200.0,2.1590000000000003,1.979,-3.155,522.0,-15.52,,,
2021-01-18,51.153926849365234,0.3870867379129228,14400,736616.5466308594,3.4205775,1.0134666,25871923200.0,2.1590000000000003,1.979,-3.155,522.0,-15.52,,,
2021-01-19,51.153926849365234,0.0,55200,2823696.762084961,3.4205775,1.0134666,25871923200.0,2.1590000000000003,1.979,-3.155,522.0,-15.52,,,
2021-01-20,51.74568939208984,1.1568272059879092,20400,1055612.0635986328,3.4205775,1.0134666,25871923200.0,2.1590000000000003,1.979,-3.155,522.0,-15.52,,,
2021-01-21,51.94293594360352,0.381184507986898,10800,560983.708190918,3.4205775,1.0134666,25871923200.0,2.1590000000000003,1.979,-3.155,522.0,-15.52,,,
2021-01-22,53.38945007324219,2.784813956625798,195600,10442976.434326172,3.4205775,1.0134666,25871923200.0,2.1590000000000003,1.979,-3.155,522.0,-15.52,,,
2021-01-25,53.58668899536133,0.3694342643510317,49200,2636465.0985717773,3.4205775,1.0134666,25871923200.0,2.1590000000000003,1.979,-3.155,522.0,-15.52,,,
2021-01-26,54.24421310424805,1.2270288036337451,37200,2017884.727478028,3.4205775,1.0134666,25871923200.0,2.1590000000000003,1.979,-3.155,522.0,-15.52,,,
2021-01-27,54.17845153808594,-0.1212324087653815,13200,715155.5603027344,3.4205775,1.0134666,25871923200.0,2.1590000000000003,1.979,-3.155,522.0,-15.52,,,
2021-01-28,53.520957946777344,-1.2135702897422165,170400,9119971.23413086,3.4205775,1.0134666,25871923200.0,2.1590000000000003,1.979,-3.155,522.0,-15.52,,,
2021-01-29,52.86344146728516,-1.2285215076793587,31200,1649339.3737792969,3.4205775,1.0134666,25871923200.0,2.1590000000000003,1.979,-3.155,522.0,-15.52,,,
2021-02-01,54.57295608520508,3.2338314919921896,44400,2423039.250183105,3.4205775,1.0134666,25871923200.0,2.1590000000000003,1.979,-3.155,522.0,-15.52,,,
2021-02-02,54.37570190429688,-0.3614504235398774,50400,2740535.3759765625,3.4205775,1.0134666,25871923200.0,2.1590000000000003,1.979,-3.155,522.0,-15.52,,,
2021-02-03,54.77020263671875,0.7255092230647575,133200,7295390.9912109375,3.4205775,1.0134666,25871923200.0,2.1590000000000003,1.979,-3.155,522.0,-15.52,,,
2021-02-04,56.08522033691406,2.400972859124884,174000,9758828.338623049,3.4205775,1.0134666,25871923200.0,2.1590000000000003,1.979,-3.155,522.0,-15.52,,,
2021-02-05,57.79472732543945,3.0480525497734945,148800,8599855.42602539,3.4205775,1.0134666,25871923200.0,2.1590000000000003,1.979,-3.155,522.0,-15.52,,,
2021-02-08,57.79472732543945,0.0,69600,4022513.021850586,3.4205775,1.0134666,25871923200.0,2.1590000000000003,1.979,-3.155,522.0,-15.52,,,
2021-02-09,58.32073593139648,0.9101325160599804,104400,6088684.831237793,3.4205775,1.0134666,25871923200.0,2.1590000000000003,1.979,-3.155,522.0,-15.52,,,
2021-02-10,58.9124870300293,1.0146495739163708,32400,1908764.5797729488,3.4205775,1.0134666,25871923200.0,2.1590000000000003,1.979,-3.155,522.0,-15.52,,,
2021-02-12,59.504241943359375,1.0044643218481752,159600,9496877.014160156,3.4205775,1.0134666,25871923200.0,2.1590000000000003,1.979,-3.155,522.0,-15.52,,,
2021-02-15,56.67697525024414,-4.751369987716913,112800,6393162.808227539,3.4205775,1.0134666,25871923200.0,2.1590000000000003,1.979,-3.155,522.0,-15.52,,,
2021-02-16,57.26872634887695,1.0440767101985715,55200,3161233.694458008,3.4205775,1.0134666,25871923200.0,2.1590000000000003,1.979,-3.155,522.0,-15.52,,,
2021-02-17,57.33447647094727,0.1148098207558678,31200,1788835.6658935547,3.4205775,1.0134666,25871923200.0,2.1590000000000003,1.979,-3.155,522.0,-15.52,,,
2021-02-18,57.20298004150391,-0.2293496645251358,31200,1784732.977294922,3.4205775,1.0134666,25871923200.0,2.1590000000000003,1.979,-3.155,522.0,-15.52,,,
2021-02-19,57.20298004150391,0.0,69600,3981327.410888672,3.4205775,1.0134666,25871923200.0,2.1590000000000003,1.979,-3.155,522.0,-15.52,,,
2021-02-22,58.3864860534668,2.068958664573395,33600,1961785.9313964844,3.4205775,1.0134666,25871923200.0,2.1590000000000003,1.979,-3.155,522.0,-15.52,,,
2021-02-24,59.43850326538086,1.801816281511948,159600,9486385.121154783,3.4205775,1.0134666,25871923200.0,2.1590000000000003,1.979,-3.155,522.0,-15.52,,,
2021-02-25,60.22750473022461,1.327424853417014,87600,5275929.414367676,3.4205775,1.0134666,25871923200.0,2.1590000000000003,1.979,-3.155,522.0,-15.52,,,
2021-02-26,57.86048126220703,-3.930137033935112,75600,4374252.383422852,3.4205775,1.0134666,25871923200.0,2.1590000000000003,1.979,-3.155,522.0,-15.52,,,
2021-03-01,58.84674453735352,1.7045542201369337,12000,706160.9344482422,3.4205775,1.0134666,25871923200.0,2.1590000000000003,1.979,-3.155,522.0,-15.52,,,
2021-03-02,58.71524429321289,-0.2234622240779304,111600,6552621.263122559,3.4205775,1.0134666,25871923200.0,2.1590000000000003,1.979,-3.155,522.0,-15.52,,,
2021-03-03,59.372745513916016,1.119813480498677,20400,1211204.0084838867,3.4205775,1.0134666,25871923200.0,2.1590000000000003,1.979,-3.155,522.0,-15.52,,,
2021-03-04,59.109745025634766,-0.4429650103002336,25200,1489565.574645996,3.4205775,1.0134666,25871923200.0,2.1590000000000003,1.979,-3.155,522.0,-15.52,,,
2021-03-05,58.84674453735352,-0.4449359207474024,50400,2965875.924682617,3.4205775,1.0134666,25871923200.0,2.1590000000000003,1.979,-3.155,522.0,-15.52,,,
2021-03-08,59.43850326538086,1.005592973204683,22800,1355197.8744506836,3.4205775,1.0134666,25871923200.0,2.1590000000000003,1.979,-3.155,522.0,-15.52,,,
2021-03-09,59.372745513916016,-0.1106315735631024,33600,1994924.249267578,3.4205775,1.0134666,25871923200.0,2.1590000000000003,1.979,-3.155,522.0,-15.52,,,
2021-03-10,59.76725006103516,0.6644539404476069,68400,4088079.9041748047,3.4205775,1.0134666,25871923200.0,2.1590000000000003,1.979,-3.155,522.0,-15.52,,,
2021-03-11,59.57000350952149,-0.3300244721184953,34800,2073036.122131348,3.4205775,1.0134666,25871923200.0,2.1590000000000003,1.979,-3.155,522.0,-15.52,,,
2021-03-12,59.83300018310547,0.4414917879632885,31200,1866789.6057128904,3.4205775,1.0134666,25871923200.0,2.1590000000000003,1.979,-3.155,522.0,-15.52,,,
2021-03-15,60.424766540527344,0.9890300596842928,80400,4858151.229858398,3.4205775,1.0134666,25871923200.0,2.1590000000000003,1.979,-3.155,522.0,-15.52,,,
2021-03-16,70.287353515625,16.322093637685377,1347600,94719237.59765624,3.4205775,1.0134666,25871923200.0,2.1590000000000003,1.979,-3.155,522.0,-15.52,,,
2021-03-17,69.69558715820312,-0.8419243687846745,468000,32617534.790039062,3.4205775,1.0134666,25871923200.0,2.1590000000000003,1.979,-3.155,522.0,-15.52,,,
2021-03-18,77.25688934326172,10.849040080392848,993600,76762445.25146484,3.4205775,1.0134666,25871923200.0,2.1590000000000003,1.979,-3.155,522.0,-15.52,,,
2021-03-19,75.15287780761719,-2.7233966491922224,326400,24529899.31640625,3.4205775,1.0134666,25871923200.0,2.1590000000000003,1.979,-3.155,522.0,-15.52,,,
2021-03-22,74.2981185913086,-1.137360592493453,135600,10074824.880981443,3.4205775,1.0134666,25871923200.0,2.1590000000000003,1.979,-3.155,522.0,-15.52,,,
2021-03-23,72.12836456298828,-2.920335089849946,144000,10386484.497070312,3.4205775,1.0134666,25871923200.0,2.1590000000000003,1.979,-3.155,522.0,-15.52,,,
2021-03-24,66.9340591430664,-7.201473999019892,136800,9156579.290771484,3.4205775,1.0134666,25871923200.0,2.1590000000000003,1.979,-3.155,522.0,-15.52,,,
2021-03-25,68.38056945800781,2.161097554011482,33600,2297587.1337890625,3.4205775,1.0134666,25871923200.0,2.1590000000000003,1.979,-3.155,522.0,-15.52,,,
2021-03-26,68.51206970214844,0.1923064478446257,38400,2630863.4765625,3.4205775,1.0134666,25871923200.0,2.1590000000000003,1.979,-3.155,522.0,-15.52,,,
2021-03-29,67.13131713867188,-2.015342069622605,63600,4269551.770019531,3.4205775,1.0134666,25871923200.0,2.1590000000000003,1.979,-3.155,522.0,-15.52,,,
2021-03-30,70.81159973144531,5.482214188008783,60000,4248695.983886719,3.4205775,1.0134666,25871923200.0,2.1590000000000003,1.979,-3.155,522.0,-15.52,,,
2021-03-31,69.58484649658203,-1.732418473125552,30000,2087545.394897461,3.4205775,1.0134666,25871923200.0,2.1590000000000003,1.979,-3.155,522.0,-15.52,,,
2021-04-01,69.72115325927734,0.1958856986226331,43200,3011953.820800781,3.4205775,1.0134666,25871923200.0,2.1590000000000003,1.979,-3.155,522.0,-15.52,,,
2021-04-02,69.58484649658203,-0.195502736720976,57600,4008087.158203125,3.4205775,1.0134666,25871923200.0,2.1590000000000003,1.979,-3.155,522.0,-15.52,,,
2021-04-05,69.78931427001953,0.2938395120948289,36000,2512415.313720703,3.4205775,1.0134666,25871923200.0,2.1590000000000003,1.979,-3.155,522.0,-15.52,,,
2021-04-06,70.1982192993164,0.5859135221114142,31200,2190184.442138672,3.4205775,1.0134666,25871923200.0,2.1590000000000003,1.979,-3.155,522.0,-15.52,,,
2021-04-07,70.47083282470703,0.3883482061392884,13200,930214.9932861328,3.4205775,1.0134666,25871923200.0,2.1590000000000003,1.979,-3.155,522.0,-15.52,,,
2021-04-08,70.6071548461914,0.1934446011493396,10800,762557.2723388672,3.4205775,1.0134666,25871923200.0,2.1590000000000003,1.979,-3.155,522.0,-15.52,,,
2021-04-09,70.06190490722656,-0.7722304349362386,9600,672594.287109375,3.4205775,1.0134666,25871923200.0,2.1590000000000003,1.979,-3.155,522.0,-15.52,,,
2021-04-12,68.76700592041016,-1.848221210272638,43200,2970734.6557617188,3.4205775,1.0134666,25871923200.0,2.1590000000000003,1.979,-3.155,522.0,-15.52,,,
2021-04-13,69.38038635253906,0.8919690830204496,26400,1831642.1997070312,3.4205775,1.0134666,25871923200.0,2.1590000000000003,1.979,-3.155,522.0,-15.52,,,
2021-04-14,69.44852447509766,0.09820948850352,16800,1166735.2111816406,3.4205775,1.0134666,25871923200.0,2.1590000000000003,1.979,-3.155,522.0,-15.52,,,
2021-04-15,68.83515167236328,-0.8832049454906898,31200,2147656.7321777344,3.4205775,1.0134666,25871923200.0,2.1590000000000003,1.979,-3.155,522.0,-15.52,,,
2021-04-16,68.97146606445312,0.198030205175792,84000,5793603.149414063,3.4205775,1.0134666,25871923200.0,2.1590000000000003,1.979,-3.155,522.0,-15.52,,,
2021-04-19,67.06315612792969,-2.766810748578463,72000,4828547.2412109375,3.4205775,1.0134666,25871923200.0,2.1590000000000003,1.979,-3.155,522.0,-15.52,,,
2021-04-20,67.94915771484375,1.3211450788625625,52800,3587715.52734375,3.4205775,1.0134666,25871923200.0,2.1590000000000003,1.979,-3.155,522.0,-15.52,,,
2021-04-21,66.92684936523438,-1.5045195319412286,30000,2007805.4809570312,3.4205775,1.0134666,25871923200.0,2.1590000000000003,1.979,-3.155,522.0,-15.52,,,
2021-04-22,66.79054260253906,-0.2036652912666747,121200,8095013.763427734,3.4205775,1.0134666,25871923200.0,2.1590000000000003,1.979,-3.155,522.0,-15.52,,,
2021-04-23,66.3134765625,-0.7142718436620843,56400,3740080.078125,3.4205775,1.0134666,25871923200.0,2.1590000000000003,1.979,-3.155,522.0,-15.52,,,
2021-04-26,66.92684936523438,0.9249595022457812,27600,1847181.0424804688,3.4205775,1.0134666,25871923200.0,2.1590000000000003,1.979,-3.155,522.0,-15.52,,,
2021-04-27,68.01730346679688,1.629322330133398,8400,571345.3491210938,3.4205775,1.0134666,25871923200.0,2.1590000000000003,1.979,-3.155,522.0,-15.52,,,
2021-04-28,67.33577728271484,-1.0019894193757928,9600,646423.4619140625,3.4205775,1.0134666,25871923200.0,2.1590000000000003,1.979,-3.155,522.0,-15.52,,,
2021-04-30,68.15361785888672,1.214570632693679,34800,2371745.901489258,3.4205775,1.0134666,25871923200.0,2.1590000000000003,1.979,-3.155,522.0,-15.52,,,
2021-05-06,77.69512176513672,13.999996193901044,624000,48481755.98144531,3.4205775,1.0134666,25871923200.0,2.1590000000000003,1.979,-3.155,522.0,-15.52,,,
2021-05-07,72.58360290527344,-6.578944396682729,362400,26304297.692871094,3.4205775,1.0134666,25871923200.0,2.1590000000000003,1.979,-3.155,522.0,-15.52,,,
2021-05-10,73.87852478027344,1.7840418815940673,99600,7358301.068115234,3.4205775,1.0134666,25871923200.0,2.1590000000000003,1.979,-3.155,522.0,-15.52,,,
2021-05-11,74.62821197509766,1.014756584614962,51600,3850815.737915039,3.4205775,1.0134666,25871923200.0,2.1590000000000003,1.979,-3.155,522.0,-15.52,,,
2021-05-12,75.71867370605469,1.461192358890906,96000,7268992.67578125,3.4205775,1.0134666,25871923200.0,2.1590000000000003,1.979,-3.155,522.0,-15.52,,,
2021-05-13,74.49189758300781,-1.6201764545022423,49200,3665001.361083984,3.4205775,1.0134666,25871923200.0,2.1590000000000003,1.979,-3.155,522.0,-15.52,,,
2021-05-14,75.1734390258789,0.91492023291746,123600,9291437.063598633,3.4205775,1.0134666,25871923200.0,2.1590000000000003,1.979,-3.155,522.0,-15.52,,,
2021-05-17,75.51419830322266,0.4532974435643933,187200,14136257.92236328,3.4205775,1.0134666,25871923200.0,2.1590000000000003,1.979,-3.155,522.0,-15.52,,,
2021-05-18,75.51419830322266,0.0,62400,4712085.974121094,3.4205775,1.0134666,25871923200.0,2.1590000000000003,1.979,-3.155,522.0,-15.52,,,
2021-05-19,75.1734390258789,-0.4512519301012152,37200,2796451.931762696,3.4205775,1.0134666,25871923200.0,2.1590000000000003,1.979,-3.155,522.0,-15.52,,,
2021-05-20,75.10527801513672,-0.0906716675802554,13200,991389.6697998048,3.4205775,1.0134666,25871923200.0,2.1590000000000003,1.979,-3.155,522.0,-15.52,,,
2021-05-21,75.58235168457031,0.6352065820693031,63600,4807037.567138672,3.4205775,1.0134666,25871923200.0,2.1590000000000003,1.979,-3.155,522.0,-15.52,,,
2021-05-24,76.1275863647461,0.7213782953608305,33600,2557886.9018554688,3.4205775,1.0134666,25871923200.0,2.1590000000000003,1.979,-3.155,522.0,-15.52,,,
2021-05-25,78.37665557861328,2.9543419426058426,76800,6019327.1484375,3.4205775,1.0134666,25871923200.0,2.1590000000000003,1.979,-3.155,522.0,-15.52,,,
2021-05-26,80.01236724853516,2.086988348566643,37200,2976460.061645508,3.4205775,1.0134666,25871923200.0,2.1590000000000003,1.979,-3.155,522.0,-15.52,,,
2021-05-27,79.12635040283203,-1.1073498712404928,14400,1139419.4458007812,3.4205775,1.0134666,25871923200.0,2.1590000000000003,1.979,-3.155,522.0,-15.52,,,
2021-05-28,78.6492691040039,-0.6029360590995347,42000,3303269.302368164,3.4205775,1.0134666,25871923200.0,2.1590000000000003,1.979,-3.155,522.0,-15.52,,,
2021-05-31,79.46712493896484,1.0398772223546349,56400,4481945.846557617,3.4205775,1.0134666,25871923200.0,2.1590000000000003,1.979,-3.155,522.0,-15.52,,,
2021-06-01,81.51172637939453,2.5728896597178474,75600,6162286.514282227,3.4205775,1.0134666,25871923200.0,2.1590000000000003,1.979,-3.155,522.0,-15.52,,,
2021-06-02,82.46587371826172,1.1705645080146263,178800,14744898.220825195,3.4205775,1.0134666,25871923200.0,2.1590000000000003,1.979,-3.155,522.0,-15.52,,,
2021-06-03,80.28495025634766,-2.6446375495456698,102000,8189064.926147461,3.4205775,1.0134666,25871923200.0,2.1590000000000003,1.979,-3.155,522.0,-15.52,,,
2021-06-04,79.87602233886719,-0.5093456696115162,30000,2396280.670166016,3.4205775,1.0134666,25871923200.0,2.1590000000000003,1.979,-3.155,522.0,-15.52,,,
2021-06-07,80.14865112304688,0.3413149230479639,31200,2500637.9150390625,3.4205775,1.0134666,25871923200.0,2.1590000000000003,1.979,-3.155,522.0,-15.52,,,
2021-06-08,79.05819702148438,-1.3605395552925723,37200,2940964.9291992188,3.4205775,1.0134666,25871923200.0,2.1590000000000003,1.979,-3.155,522.0,-15.52,,,
2021-06-09,78.44480895996094,-0.7758690238745869,44400,3482949.5178222656,3.4205775,1.0134666,25871923200.0,2.1590000000000003,1.979,-3.155,522.0,-15.52,,,
2021-06-10,78.44480895996094,0.0,72000,5648026.245117188,3.4205775,1.0134666,25871923200.0,2.1590000000000003,1.979,-3.155,522.0,-15.52,,,
2021-06-11,77.76327514648438,-0.868806773210995,16800,1306423.0224609375,3.4205775,1.0134666,25871923200.0,2.1590000000000003,1.979,-3.155,522.0,-15.52,,,
2021-06-14,77.21805572509766,-0.7011271327753033,28800,2223880.0048828125,3.4205775,1.0134666,25871923200.0,2.1590000000000003,1.979,-3.155,522.0,-15.52,,,
2021-06-15,77.8314208984375,0.7943286936975991,43200,3362317.3828125,3.4205775,1.0134666,25871923200.0,2.1590000000000003,1.979,-3.155,522.0,-15.52,,,
2021-06-16,78.85372924804688,1.31349053866483,26400,2081738.4521484373,3.4205775,1.0134666,25871923200.0,2.1590000000000003,1.979,-3.155,522.0,-15.52,,,
2021-06-17,78.2403564453125,-0.7778615020285429,18000,1408326.416015625,3.4205775,1.0134666,25871923200.0,2.1590000000000003,1.979,-3.155,522.0,-15.52,,,
2021-06-18,78.6492691040039,0.5226364976714137,32400,2548236.3189697266,3.4205775,1.0134666,25871923200.0,2.1590000000000003,1.979,-3.155,522.0,-15.52,,,
2021-06-21,79.26265716552734,0.7799030665018636,32400,2568110.092163086,3.4205775,1.0134666,25871923200.0,2.1590000000000003,1.979,-3.155,522.0,-15.52,,,
2021-06-22,78.78557586669922,-0.6018991993061995,27600,2174481.8939208984,3.4205775,1.0134666,25871923200.0,2.1590000000000003,1.979,-3.155,522.0,-15.52,,,
2021-06-23,78.85372924804688,0.0865048971184334,44400,3501105.578613281,3.4205775,1.0134666,25871923200.0,2.1590000000000003,1.979,-3.155,522.0,-15.52,,,
2021-06-24,79.12635040283203,0.3457301986664163,28800,2278838.8916015625,3.4205775,1.0134666,25871923200.0,2.1590000000000003,1.979,-3.155,522.0,-15.52,,,
2021-06-25,77.89958953857422,-1.550382215295376,19200,1495672.119140625,3.4205775,1.0134666,25871923200.0,2.1590000000000003,1.979,-3.155,522.0,-15.52,,,
2021-06-28,78.6492691040039,0.9623665154980808,25200,1981961.5814208984,3.4205775,1.0134666,25871923200.0,2.1590000000000003,1.979,-3.155,522.0,-15.52,,,
2021-06-29,79.39896392822266,0.9532127033849092,21600,1715017.6208496094,3.4205775,1.0134666,25871923200.0,2.1590000000000003,1.979,-3.155,522.0,-15.52,,,
2021-06-30,78.17220306396484,-1.5450590329702751,64800,5065558.758544922,3.4205775,1.0134666,25871923200.0,2.1590000000000003,1.979,-3.155,522.0,-15.52,,,
2021-07-01,78.3084945678711,0.1743477842049978,26400,2067344.2565917969,3.4205775,1.0134666,25871923200.0,2.1590000000000003,1.979,-3.155,522.0,-15.52,,,
2021-07-02,79.330810546875,1.305498189749832,8400,666378.80859375,3.4205775,1.0134666,25871923200.0,2.1590000000000003,1.979,-3.155,522.0,-15.52,,,
2021-07-05,78.78557586669922,-0.6872924610465403,26400,2079939.20288086,3.4205775,1.0134666,25871923200.0,2.1590000000000003,1.979,-3.155,522.0,-15.52,,,
2021-07-06,80.08050537109375,1.64361241274098,32400,2594608.374023437,3.4205775,1.0134666,25871923200.0,2.1590000000000003,1.979,-3.155,522.0,-15.52,,,
2021-07-07,80.2168197631836,0.1702216931051658,12000,962601.8371582032,3.4205775,1.0134666,25871923200.0,2.1590000000000003,1.979,-3.155,522.0,-15.52,,,
2021-07-08,80.08050537109375,-0.1699324312435579,18000,1441449.0966796875,3.4205775,1.0134666,25871923200.0,2.1590000000000003,1.979,-3.155,522.0,-15.52,,,
2021-07-09,78.7174301147461,-1.7021311866491806,26400,2078140.1550292969,3.4205775,1.0134666,25871923200.0,2.1590000000000003,1.979,-3.155,522.0,-15.52,,,
2021-07-12,79.46712493896484,0.9523873214940082,4800,381442.1997070313,3.4205775,1.0134666,25871923200.0,2.1590000000000003,1.979,-3.155,522.0,-15.52,,,
2021-07-13,78.78557586669922,-0.85764908795819,9600,756341.5283203125,3.4205775,1.0134666,25871923200.0,2.1590000000000003,1.979,-3.155,522.0,-15.52,,,
2021-07-14,79.19451141357422,0.5190487502013008,15600,1235434.3780517578,3.4205775,1.0134666,25871923200.0,2.1590000000000003,1.979,-3.155,522.0,-15.52,,,
2021-07-15,85.8053970336914,8.347656298545036,267600,22961524.24621582,3.4205775,1.0134666,25871923200.0,2.1590000000000003,1.979,-3.155,522.0,-15.52,,,
2021-07-16,88.66785430908203,3.335987448746014,295200,26174750.592041016,3.4205775,1.0134666,25871923200.0,2.1590000000000003,1.979,-3.155,522.0,-15.52,,,
2021-07-19,87.03216552734375,-1.844737074652248,146400,12741509.033203123,3.4205775,1.0134666,25871923200.0,2.1590000000000003,1.979,-3.155,522.0,-15.52,,,
2021-07-20,87.16847229003906,0.1566165358168447,44400,3870280.1696777344,3.4205775,1.0134666,25871923200.0,2.1590000000000003,1.979,-3.155,522.0,-15.52,,,
2021-07-21,87.3047866821289,0.1563803844540023,36000,3142972.3205566406,3.4205775,1.0134666,25871923200.0,2.1590000000000003,1.979,-3.155,522.0,-15.52,,,
2021-07-26,90.43985748291016,3.5909494999350366,78000,7054308.883666992,3.4205775,1.0134666,25871923200.0,2.1590000000000003,1.979,-3.155,522.0,-15.52,,,
2021-07-27,94.52906799316406,4.521469431800695,134400,12704706.73828125,3.4205775,1.0134666,25871923200.0,2.1590000000000003,1.979,-3.155,522.0,-15.52,,,
2021-07-28,95.3469009399414,0.8651655666767955,139200,13272288.610839844,3.4205775,1.0134666,25871923200.0,2.1590000000000003,1.979,-3.155,522.0,-15.52,,,
2021-07-29,97.7322769165039,2.501786584615928,356400,34831783.49304199,3.4205775,1.0134666,25871923200.0,2.1590000000000003,1.979,-3.155,522.0,-15.52,,,
2021-07-30,92.75707244873048,-5.090646227370643,160800,14915337.24975586,3.4205775,1.0134666,25871923200.0,2.1590000000000003,1.979,-3.155,522.0,-15.52,,,
2021-08-02,92.68892669677734,-0.0734669067857796,114000,10566537.643432615,3.4205775,1.0134666,25871923200.0,2.1590000000000003,1.979,-3.155,522.0,-15.52,,,
2021-08-03,95.41505432128906,2.941157829381247,66000,6297393.585205078,3.4205775,1.0134666,25871923200.0,2.1590000000000003,1.979,-3.155,522.0,-15.52,,,
2021-08-04,94.59722137451172,-0.8571319825731782,109200,10330016.57409668,3.4205775,1.0134666,25871923200.0,2.1590000000000003,1.979,-3.155,522.0,-15.52,,,
2021-08-05,95.41505432128906,0.8645422507068456,46800,4465424.542236328,3.4205775,1.0134666,25871923200.0,2.1590000000000003,1.979,-3.155,522.0,-15.52,,,
2021-08-06,95.41505432128906,0.0,124800,11907798.779296877,3.4205775,1.0134666,25871923200.0,2.1590000000000003,1.979,-3.155,522.0,-15.52,,,
2021-08-10,93.64306640625,-1.8571366202573047,40800,3820637.109375,3.4205775,1.0134666,25871923200.0,2.1590000000000003,1.979,-3.155,522.0,-15.52,,,
2021-08-11,94.52906799316406,0.946147558934407,86400,8167311.474609375,3.4205775,1.0134666,25871923200.0,2.1590000000000003,1.979,-3.155,522.0,-15.52,,,
2021-08-12,95.41505432128906,0.9372633698124132,92400,8816351.01928711,3.4205775,1.0134666,25871923200.0,2.1590000000000003,1.979,-3.155,522.0,-15.52,,,
2021-08-13,97.59597778320312,2.2857226015616794,186000,18152851.86767578,3.4205775,1.0134666,25871923200.0,2.1590000000000003,1.979,-3.155,522.0,-15.52,,,
2021-08-16,118.04205322265624,20.94971114985029,40800,4816115.771484375,3.4205775,1.0134666,25871923200.0,2.1590000000000003,1.979,-3.155,522.0,-15.52,,,
2021-08-17,145.3035125732422,23.094701088572343,99600,14472229.852294922,3.4205775,1.0134666,25871923200.0,2.1590000000000003,1.979,-3.155,522.0,-15.52,,,
2021-08-18,167.65789794921875,15.38461457682141,11572800,1940271321.3867188,3.4205775,1.0134666,25871923200.0,2.1590000000000003,1.979,-3.155,522.0,-15.52,,,
2021-08-19,163.50051879882812,-2.4796798726713365,3564000,582715848.9990234,3.4205775,1.0134666,25871923200.0,2.1590000000000003,1.979,-3.155,522.0,-15.52,,,
2021-08-20,149.8697967529297,-8.33680660222843,3272400,490433922.8942871,3.4205775,1.0134666,25871923200.0,2.1590000000000003,1.979,-3.155,522.0,-15.52,,,
2021-08-23,154.57240295410156,3.137794474309219,1562400,241503922.37548828,3.4205775,1.0134666,25871923200.0,2.1590000000000003,1.979,-3.155,522.0,-15.52,,,
2021-08-24,146.3939666748047,-5.291006753466442,1882800,275630560.45532227,3.4205775,1.0134666,25871923200.0,2.1590000000000003,1.979,-3.155,522.0,-15.52,,,
2021-08-25,153.75457763671875,5.027946935999572,1261200,193915273.3154297,3.4205775,1.0134666,25871923200.0,2.1590000000000003,1.979,-3.155,522.0,-15.52,,,
2021-08-26,162.20559692382812,5.4964342636203645,747600,121264904.2602539,3.4205775,1.0134666,25871923200.0,2.1590000000000003,1.979,-3.155,522.0,-15.52,,,
2021-08-27,161.45591735839844,-0.4621786052066645,759600,122641914.82543944,3.4205775,1.0134666,25871923200.0,2.1590000000000003,1.979,-3.155,522.0,-15.52,,,
2021-08-30,152.93670654296875,-5.276493395109716,859200,131403218.26171876,3.4205775,1.0134666,25871923200.0,2.1590000000000003,1.979,-3.155,522.0,-15.52,,,
2021-08-31,150.6876678466797,-1.4705682809098453,193200,29112857.42797852,3.4205775,1.0134666,25871923200.0,2.1590000000000003,1.979,-3.155,522.0,-15.52,,,
2021-09-01,152.86856079101562,1.4472935811541854,307200,46961221.875,3.4205775,1.0134666,25871923200.0,2.1590000000000003,1.979,-3.155,522.0,-15.52,,,
2021-09-02,146.5302734375,-4.146233418250467,366000,53630080.078125,3.4205775,1.0134666,25871923200.0,2.1590000000000003,1.979,-3.155,522.0,-15.52,,,
2021-09-03,150.3468780517578,2.604652625510684,146400,22010782.946777344,3.4205775,1.0134666,25871923200.0,2.1590000000000003,1.979,-3.155,522.0,-15.52,,,
2021-09-06,150.61952209472656,0.1813433351605109,240000,36148685.302734375,3.4205775,1.0134666,25871923200.0,2.1590000000000003,1.979,-3.155,522.0,-15.52,,,
2021-09-07,156.6169891357422,3.9818656689427856,682800,106938080.18188477,3.4205775,1.0134666,25871923200.0,2.1590000000000003,1.979,-3.155,522.0,-15.52,,,
2021-09-08,158.1845245361328,1.0008718779748849,385200,60932678.85131836,3.4205775,1.0134666,25871923200.0,2.1590000000000003,1.979,-3.155,522.0,-15.52,,,
2021-09-09,158.25270080566406,0.0430992031181132,301200,47665713.482666016,3.4205775,1.0134666,25871923200.0,2.1590000000000003,1.979,-3.155,522.0,-15.52,,,
2021-09-10,172.01971435546875,8.69938615879342,1150800,197960287.28027344,3.4205775,1.0134666,25871923200.0,2.1590000000000003,1.979,-3.155,522.0,-15.52,,,
2021-09-13,170.9292755126953,-0.6339034144191791,1032000,176399012.32910156,3.4205775,1.0134666,25871923200.0,2.1590000000000003,1.979,-3.155,522.0,-15.52,,,
2021-09-14,167.86236572265625,-1.7942565899492613,542400,91048547.16796876,3.4205775,1.0134666,25871923200.0,2.1590000000000003,1.979,-3.155,522.0,-15.52,,,
2021-09-15,164.8636016845703,-1.7864421397709385,466800,76958329.26635742,3.4205775,1.0134666,25871923200.0,2.1590000000000003,1.979,-3.155,522.0,-15.52,,,
2021-09-16,160.9106903076172,-2.39768592737416,727200,117014253.99169922,3.4205775,1.0134666,25871923200.0,2.1590000000000003,1.979,-3.155,522.0,-15.52,,,
2021-09-17,166.9763641357422,3.769590333948036,752400,125633016.37573242,3.4205775,1.0134666,25871923200.0,2.1590000000000003,1.979,-3.155,522.0,-15.52,,,
2021-09-21,166.29483032226562,-0.4081618479382598,681600,113346556.34765624,3.4205775,1.0134666,25871923200.0,2.1590000000000003,1.979,-3.155,522.0,-15.52,,,
2021-09-22,154.09532165527344,-7.336072109608304,1432800,220787776.8676757,3.4205775,1.0134666,25871923200.0,2.1590000000000003,1.979,-3.155,522.0,-15.52,,,
2021-09-24,174.745849609375,13.401138809586222,1878000,328172705.56640625,3.4205775,1.0134666,25871923200.0,2.1590000000000003,1.979,-3.155,522.0,-15.52,,,
2021-09-27,170.38404846191406,-2.496082829555757,693600,118178376.0131836,3.4205775,1.0134666,25871923200.0,2.1590000000000003,1.979,-3.155,522.0,-15.52,,,
2021-09-28,167.58973693847656,-1.6400077053352335,542400,90900673.31542967,3.4205775,1.0134666,25871923200.0,2.1590000000000003,1.979,-3.155,522.0,-15.52,,,
2021-09-29,167.0320587158203,-0.332763946554182,285600,47704355.96923828,3.4205775,1.0134666,25871923200.0,2.1590000000000003,1.979,-3.155,522.0,-15.52,,,
2021-09-30,167.38059997558594,0.2086672836611569,378000,63269866.790771484,3.4205775,1.0134666,25871923200.0,2.1590000000000003,1.979,-3.155,522.0,-15.52,,,
2021-10-01,171.91192626953125,2.7071992181926907,478800,82311430.29785156,3.4205775,1.0134666,25871923200.0,2.1590000000000003,1.979,-3.155,522.0,-15.52,,,
2021-10-04,160.8275909423828,-6.447682582399727,586800,94373630.36499023,3.4205775,1.0134666,25871923200.0,2.1590000000000003,1.979,-3.155,522.0,-15.52,,,
2021-10-05,149.32496643066406,-7.152146248238966,936000,139768168.57910156,3.4205775,1.0134666,25871923200.0,2.1590000000000003,1.979,-3.155,522.0,-15.52,,,
2021-10-06,149.7432403564453,0.2801098408252267,418800,62712469.0612793,3.4205775,1.0134666,25871923200.0,2.1590000000000003,1.979,-3.155,522.0,-15.52,,,
2021-10-07,150.16152954101562,0.2793376072099285,356400,53517569.12841797,3.4205775,1.0134666,25871923200.0,2.1590000000000003,1.979,-3.155,522.0,-15.52,,,
2021-10-08,158.52708435058594,5.571037292401382,384000,60874400.390625,3.4205775,1.0134666,25871923200.0,2.1590000000000003,1.979,-3.155,522.0,-15.52,,,
2021-10-11,160.0607452392578,0.967444077429791,195600,31307881.768798828,3.4205775,1.0134666,25871923200.0,2.1590000000000003,1.979,-3.155,522.0,-15.52,,,
2021-10-12,160.26988220214844,0.1306609953477311,324000,51927441.833496094,3.4205775,1.0134666,25871923200.0,2.1590000000000003,1.979,-3.155,522.0,-15.52,,,
2021-10-13,153.4380340576172,-4.262714897309428,187200,28723599.975585938,3.4205775,1.0134666,25871923200.0,2.1590000000000003,1.979,-3.155,522.0,-15.52,,,
2021-10-14,155.52940368652344,1.36300601200412,103200,16050634.46044922,3.4205775,1.0134666,25871923200.0,2.1590000000000003,1.979,-3.155,522.0,-15.52,,,
2021-10-15,159.22418212890625,2.3756140992026165,300000,47767254.63867188,3.4205775,1.0134666,25871923200.0,2.1590000000000003,1.979,-3.155,522.0,-15.52,,,
2021-10-18,158.66648864746094,-0.3502567725509276,190800,30273566.033935547,3.4205775,1.0134666,25871923200.0,2.1590000000000003,1.979,-3.155,522.0,-15.52,,,
2021-10-19,162.43099975585938,2.372593696683345,337200,54771733.11767578,3.4205775,1.0134666,25871923200.0,2.1590000000000003,1.979,-3.155,522.0,-15.52,,,
2021-10-20,161.5247344970703,-0.5579386078711668,384000,62025498.046875,3.4205775,1.0134666,25871923200.0,2.1590000000000003,1.979,-3.155,522.0,-15.52,,,
2021-10-21,154.27459716796875,-4.488561675508008,290400,44801343.017578125,3.4205775,1.0134666,25871923200.0,2.1590000000000003,1.979,-3.155,522.0,-15.52,,,
2021-10-22,155.45970153808594,0.7681785542611896,100800,15670337.915039062,3.4205775,1.0134666,25871923200.0,2.1590000000000003,1.979,-3.155,522.0,-15.52,,,
2021-10-25,151.55580139160156,-2.51119750511547,178800,27098177.28881836,3.4205775,1.0134666,25871923200.0,2.1590000000000003,1.979,-3.155,522.0,-15.52,,,
2021-10-26,153.71688842773438,1.4259348809412042,36000,5533807.9833984375,3.4205775,1.0134666,25871923200.0,2.1590000000000003,1.979,-3.155,522.0,-15.52,,,
2021-10-27,151.9740753173828,-1.1337811532471265,135600,20607684.61303711,3.4205775,1.0134666,25871923200.0,2.1590000000000003,1.979,-3.155,522.0,-15.52,,,
2021-10-28,152.67120361328125,0.4587152739324418,88800,13557202.880859377,3.4205775,1.0134666,25871923200.0,2.1590000000000003,1.979,-3.155,522.0,-15.52,,,
2021-10-29,148.13986206054688,-2.968039450460047,282000,41775441.10107422,3.4205775,1.0134666,25871923200.0,2.1590000000000003,1.979,-3.155,522.0,-15.52,,,
2021-11-01,152.2529296875,2.776475939522638,158400,24116864.0625,3.4205775,1.0134666,25871923200.0,2.1590000000000003,1.979,-3.155,522.0,-15.52,,,
2021-11-02,154.48373413085938,1.4651963991353822,165600,25582506.372070312,3.4205775,1.0134666,25871923200.0,2.1590000000000003,1.979,-3.155,522.0,-15.52,,,
2021-11-04,148.9066925048828,-3.6101157557807295,168000,25016324.340820312,3.4205775,1.0134666,25871923200.0,2.1590000000000003,1.979,-3.155,522.0,-15.52,,,
2021-11-05,144.0965118408203,-3.2303320845735506,312000,44958111.69433594,3.4205775,1.0134666,25871923200.0,2.1590000000000003,1.979,-3.155,522.0,-15.52,,,
2021-11-08,142.6325225830078,-1.0159782767189651,434400,61959567.810058594,3.4205775,1.0134666,25871923200.0,2.1590000000000003,1.979,-3.155,522.0,-15.52,,,
2021-11-09,139.91372680664062,-1.9061541695618025,106800,14942786.02294922,3.4205775,1.0134666,25871923200.0,2.1590000000000003,1.979,-3.155,522.0,-15.52,,,
2021-11-10,139.07717895507812,-0.5979026294672285,250800,34880556.481933594,3.4205775,1.0134666,25871923200.0,2.1590000000000003,1.979,-3.155,522.0,-15.52,,,
2021-11-11,142.49310302734375,2.4561355773321747,126000,17954130.981445312,3.4205775,1.0134666,25871923200.0,2.1590000000000003,1.979,-3.155,522.0,-15.52,,,
2021-11-12,145.28163146972656,1.956956781162744,296400,43061475.56762695,3.4205775,1.0134666,25871923200.0,2.1590000000000003,1.979,-3.155,522.0,-15.52,,,
2021-11-15,148.34898376464844,2.111314599024894,831600,123367014.89868164,3.4205775,1.0134666,25871923200.0,2.1590000000000003,1.979,-3.155,522.0,-15.52,,,
2021-11-16,168.63543701171875,13.67481780613624,2930400,494169284.6191406,3.4205775,1.0134666,25871923200.0,2.1590000000000003,1.979,-3.155,522.0,-15.52,,,
2021-11-17,174.7701873779297,3.63787734945924,964800,168618276.78222656,3.4205775,1.0134666,25871923200.0,2.1590000000000003,1.979,-3.155,522.0,-15.52,,,
2021-11-18,169.8902587890625,-2.792197377642358,501600,85216953.80859375,3.4205775,1.0134666,25871923200.0,2.1590000000000003,1.979,-3.155,522.0,-15.52,,,
2021-11-19,169.61143493652344,-0.1641199763461776,314400,53325835.14404297,3.4205775,1.0134666,25871923200.0,2.1590000000000003,1.979,-3.155,522.0,-15.52,,,
2021-11-22,167.93832397460938,-0.98643759634498,219600,36879255.94482422,3.4205775,1.0134666,25871923200.0,2.1590000000000003,1.979,-3.155,522.0,-15.52,,,
2021-11-24,168.21714782714844,0.1660275307863834,252000,42390721.252441406,3.4205775,1.0134666,25871923200.0,2.1590000000000003,1.979,-3.155,522.0,-15.52,,,
2021-11-25,168.28688049316406,0.0414539581227835,109200,18376927.34985352,3.4205775,1.0134666,25871923200.0,2.1590000000000003,1.979,-3.155,522.0,-15.52,,,
2021-11-26,169.3325653076172,0.6213703714684993,278400,47142186.18164063,3.4205775,1.0134666,25871923200.0,2.1590000000000003,1.979,-3.155,522.0,-15.52,,,
2021-11-29,158.17849731445312,-6.587077903710414,753600,119203315.57617188,3.4205775,1.0134666,25871923200.0,2.1590000000000003,1.979,-3.155,522.0,-15.52,,,
2021-11-30,156.92367553710938,-0.7932947895245235,162000,25421635.43701172,3.4205775,1.0134666,25871923200.0,2.1590000000000003,1.979,-3.155,522.0,-15.52,,,
2021-12-01,160.6184539794922,2.3545066923372326,387600,62255712.76245117,3.4205775,1.0134666,25871923200.0,2.1590000000000003,1.979,-3.155,522.0,-15.52,,,
2021-12-02,150.57980346679688,-6.2499982187458,764400,115103201.77001952,3.4205775,1.0134666,25871923200.0,2.1590000000000003,1.979,-3.155,522.0,-15.52,,,
2021-12-03,153.92601013183594,2.222214791093746,164400,25305436.065673828,3.4205775,1.0134666,25871923200.0,2.1590000000000003,1.979,-3.155,522.0,-15.52,,,
2021-12-06,155.45970153808594,0.9963822260684818,164400,25557574.932861328,3.4205775,1.0134666,25871923200.0,2.1590000000000003,1.979,-3.155,522.0,-15.52,,,
2021-12-07,161.66415405273438,3.991035910440366,356400,57617104.50439453,3.4205775,1.0134666,25871923200.0,2.1590000000000003,1.979,-3.155,522.0,-15.52,,,
2021-12-08,164.8709259033203,1.983601045869388,129600,21367271.997070312,3.4205775,1.0134666,25871923200.0,2.1590000000000003,1.979,-3.155,522.0,-15.52,,,
2021-12-09,164.45265197753906,-0.2536978084459407,127200,20918377.33154297,3.4205775,1.0134666,25871923200.0,2.1590000000000003,1.979,-3.155,522.0,-15.52,,,
2021-12-10,157.06309509277344,-4.493425187071409,168000,26386599.975585938,3.4205775,1.0134666,25871923200.0,2.1590000000000003,1.979,-3.155,522.0,-15.52,,,
2021-12-13,157.89967346191406,0.5326384079254787,58800,9284500.799560549,3.4205775,1.0134666,25871923200.0,2.1590000000000003,1.979,-3.155,522.0,-15.52,,,
2021-12-14,150.9980926513672,-4.370864523802553,376800,56896081.31103516,3.4205775,1.0134666,25871923200.0,2.1590000000000003,1.979,-3.155,522.0,-15.52,,,
2021-12-15,154.27459716796875,2.169897949748645,100800,15550879.39453125,3.4205775,1.0134666,25871923200.0,2.1590000000000003,1.979,-3.155,522.0,-15.52,,,
2021-12-16,152.67120361328125,-1.0393114512182389,70800,10809121.215820312,3.4205775,1.0134666,25871923200.0,2.1590000000000003,1.979,-3.155,522.0,-15.52,,,
2021-12-17,152.11349487304688,-0.3653005459019365,318000,48372091.369628906,3.4205775,1.0134666,25871923200.0,2.1590000000000003,1.979,-3.155,522.0,-15.52,,,
2021-12-20,146.8153076171875,-3.483048798715205,219600,32240641.55273437,3.4205775,1.0134666,25871923200.0,2.1590000000000003,1.979,-3.155,522.0,-15.52,,,
2021-12-21,150.16152954101562,2.279205062562828,135600,20361903.40576172,3.4205775,1.0134666,25871923200.0,2.1590000000000003,1.979,-3.155,522.0,-15.52,,,
2021-12-22,148.34898376464844,-1.2070640076106145,64800,9613014.14794922,3.4205775,1.0134666,25871923200.0,2.1590000000000003,1.979,-3.155,522.0,-15.52,,,
2021-12-23,150.3009796142578,1.3158134286286538,49200,7394808.197021484,3.4205775,1.0134666,25871923200.0,2.1590000000000003,1.979,-3.155,522.0,-15.52,,,
2021-12-24,151.9740753173828,1.113163538533768,57600,8753706.73828125,3.4205775,1.0134666,25871923200.0,2.1590000000000003,1.979,-3.155,522.0,-15.52,,,
2021-12-27,148.8369903564453,-2.064223752890748,99600,14824164.239501951,3.4205775,1.0134666,25871923200.0,2.1590000000000003,1.979,-3.155,522.0,-15.52,,,
2021-12-28,148.48843383789062,-0.2341867554026322,204000,30291640.502929688,3.4205775,1.0134666,25871923200.0,2.1590000000000003,1.979,-3.155,522.0,-15.52,,,
2021-12-29,148.8369903564453,0.2347364771422055,103200,15359977.404785156,3.4205775,1.0134666,25871923200.0,2.1590000000000003,1.979,-3.155,522.0,-15.52,,,
2021-12-30,149.25527954101562,0.2810384593027404,248400,37075011.43798828,3.4205775,1.0134666,25871923200.0,2.1590000000000003,1.979,-3.155,522.0,-15.52,,,
2022-01-04,150.9980926513672,1.167672671754727,91200,13771026.049804688,3.4205775,1.0134666,25871923200.0,2.1590000000000003,1.979,-3.155,522.0,-15.52,,,
2022-01-05,154.0654754638672,2.031405005612985,69600,10722957.092285156,3.4205775,1.0134666,25871923200.0,2.1590000000000003,1.979,-3.155,522.0,-15.52,,,
2022-01-06,155.32029724121094,0.8144730502182229,114000,17706513.885498047,3.4205775,1.0134666,25871923200.0,2.1590000000000003,1.979,-3.155,522.0,-15.52,,,
2022-01-07,158.3876495361328,1.974856055135099,236400,37442840.3503418,3.4205775,1.0134666,25871923200.0,2.1590000000000003,1.979,-3.155,522.0,-15.52,,,
2022-01-11,166.9623260498047,5.4137279887569445,295200,49287278.64990234,3.4205775,1.0134666,25871923200.0,2.1590000000000003,1.979,-3.155,522.0,-15.52,,,
2022-01-12,164.66180419921875,-1.377868831259388,207600,34183790.55175781,3.4205775,1.0134666,25871923200.0,2.1590000000000003,1.979,-3.155,522.0,-15.52,,,
2022-01-13,167.72915649414062,1.862819559058626,200400,33612922.96142578,3.4205775,1.0134666,25871923200.0,2.1590000000000003,1.979,-3.155,522.0,-15.52,,,
2022-01-14,168.63543701171875,0.5403237794317395,127200,21450427.587890625,3.4205775,1.0134666,25871923200.0,2.1590000000000003,1.979,-3.155,522.0,-15.52,,,
2022-01-17,168.98399353027344,0.2066923327215475,106800,18047490.509033203,3.4205775,1.0134666,25871923200.0,2.1590000000000003,1.979,-3.155,522.0,-15.52,,,
2022-01-18,160.6184539794922,-4.950492278005347,266400,42788756.14013672,3.4205775,1.0134666,25871923200.0,2.1590000000000003,1.979,-3.155,522.0,-15.52,,,
2022-01-19,153.50775146484375,-4.42707692576616,279600,42920767.30957031,3.4205775,1.0134666,25871923200.0,2.1590000000000003,1.979,-3.155,522.0,-15.52,,,
2022-01-20,155.1111602783203,1.0445132562858062,103200,16007471.740722656,3.4205775,1.0134666,25871923200.0,2.1590000000000003,1.979,-3.155,522.0,-15.52,,,
2022-01-21,151.20721435546875,-2.5168697828361286,250800,37922769.36035156,3.4205775,1.0134666,25871923200.0,2.1590000000000003,1.979,-3.155,522.0,-15.52,,,
2022-01-24,152.8803253173828,1.1065020733606046,82800,12658490.936279297,3.4205775,1.0134666,25871923200.0,2.1590000000000003,1.979,-3.155,522.0,-15.52,,,
2022-01-25,146.3970184326172,-4.240772559389927,268800,39351518.5546875,3.4205775,1.0134666,25871923200.0,2.1590000000000003,1.979,-3.155,522.0,-15.52,,,
2022-01-26,146.18789672851562,-0.1428456032373515,178800,26138395.9350586,3.4205775,1.0134666,25871923200.0,2.1590000000000003,1.979,-3.155,522.0,-15.52,,,
2022-01-27,139.70460510253906,-4.43490314250613,507600,70914057.55004883,3.4205775,1.0134666,25871923200.0,2.1590000000000003,1.979,-3.155,522.0,-15.52,,,
2022-01-28,144.3056182861328,3.29338691463803,58800,8485170.35522461,3.4205775,1.0134666,25871923200.0,2.1590000000000003,1.979,-3.155,522.0,-15.52,,,
2022-01-31,149.81295776367188,3.8164414822844814,100800,15101146.142578123,3.4205775,1.0134666,25871923200.0,2.1590000000000003,1.979,-3.155,522.0,-15.52,,,
2022-02-01,147.0941619873047,-1.814793471106857,97200,14297552.545166016,3.4205775,1.0134666,25871923200.0,2.1590000000000003,1.979,-3.155,522.0,-15.52,,,
2022-02-02,147.7913055419922,0.4739437277923253,230400,34051116.796875,3.4205775,1.0134666,25871923200.0,2.1590000000000003,1.979,-3.155,522.0,-15.52,,,
2022-02-03,148.13986206054688,0.2358437238756616,117600,17421247.778320312,3.4205775,1.0134666,25871923200.0,2.1590000000000003,1.979,-3.155,522.0,-15.52,,,
2022-02-04,151.76490783691406,2.447042764820173,110400,16754845.825195312,3.4205775,1.0134666,25871923200.0,2.1590000000000003,1.979,-3.155,522.0,-15.52,,,
2022-02-07,158.8756561279297,4.685370546040057,211200,33554538.57421875,3.4205775,1.0134666,25871923200.0,2.1590000000000003,1.979,-3.155,522.0,-15.52,,,
2022-02-08,155.59913635253906,-2.0623170693641724,152400,23713308.38012696,3.4205775,1.0134666,25871923200.0,2.1590000000000003,1.979,-3.155,522.0,-15.52,,,
2022-02-09,156.85394287109375,0.8064354005871133,64800,10164135.498046877,3.4205775,1.0134666,25871923200.0,2.1590000000000003,1.979,-3.155,522.0,-15.52,,,
2022-02-10,160.20016479492188,2.1333361868870027,219600,35179956.188964844,3.4205775,1.0134666,25871923200.0,2.1590000000000003,1.979,-3.155,522.0,-15.52,,,
2022-02-14,156.92367553710938,-2.0452471206923284,325200,51031579.28466797,3.4205775,1.0134666,25871923200.0,2.1590000000000003,1.979,-3.155,522.0,-15.52,,,
2022-02-15,172.88792419433594,10.173256905043203,1777200,307256418.8781738,3.4205775,1.0134666,25871923200.0,2.1590000000000003,1.979,-3.155,522.0,-15.52,,,
2022-02-16,194.7777557373047,12.661284265500994,1546800,301282232.5744629,3.4205775,1.0134666,25871923200.0,2.1590000000000003,1.979,-3.155,522.0,-15.52,,,
2022-02-17,194.35948181152344,-0.2147441961213303,733200,142504372.06420898,3.4205775,1.0134666,25871923200.0,2.1590000000000003,1.979,-3.155,522.0,-15.52,,,
2022-02-18,190.5949859619141,-1.93687275481621,373200,71130048.76098633,3.4205775,1.0134666,25871923200.0,2.1590000000000003,1.979,-3.155,522.0,-15.52,,,
2022-02-21,196.3811492919922,3.0358423653570554,444000,87193230.28564453,3.4205775,1.0134666,25871923200.0,2.1590000000000003,1.979,-3.155,522.0,-15.52,,,
2022-02-22,195.7537384033203,-0.319486310643291,738000,144466258.9416504,3.4205775,1.0134666,25871923200.0,2.1590000000000003,1.979,-3.155,522.0,-15.52,,,
2022-02-24,190.5949859619141,-2.635327674191046,603600,115043133.52661131,3.4205775,1.0134666,25871923200.0,2.1590000000000003,1.979,-3.155,522.0,-15.52,,,
2022-02-25,195.7537384033203,2.7066569539437424,362400,70941154.79736328,3.4205775,1.0134666,25871923200.0,2.1590000000000003,1.979,-3.155,522.0,-15.52,,,
2022-02-28,213.3214111328125,8.974374064467018,1095600,233714938.0371093,3.4205775,1.0134666,25871923200.0,2.1590000000000003,1.979,-3.155,522.0,-15.52,,,
2022-03-01,213.3214111328125,0.0,648000,138232274.4140625,3.4205775,1.0134666,25871923200.0,2.1590000000000003,1.979,-3.155,522.0,-15.52,,,
2022-03-02,213.3214111328125,0.0,322800,68860151.51367188,3.4205775,1.0134666,25871923200.0,2.1590000000000003,1.979,-3.155,522.0,-15.52,,,
2022-03-03,214.01852416992188,0.3267899989070288,336000,71910224.12109375,3.4205775,1.0134666,25871923200.0,2.1590000000000003,1.979,-3.155,522.0,-15.52,,,
2022-03-04,210.184310913086,-1.7915333598841787,340800,71630813.15917969,3.4205775,1.0134666,25871923200.0,2.1590000000000003,1.979,-3.155,522.0,-15.52,,,
2022-03-07,210.5328826904297,0.1658410067951754,459600,96760912.88452148,3.4205775,1.0134666,25871923200.0,2.1590000000000003,1.979,-3.155,522.0,-15.52,,,
2022-03-08,203.2130126953125,-3.4768297956953464,458400,93152845.01953124,3.4205775,1.0134666,25871923200.0,2.1590000000000003,1.979,-3.155,522.0,-15.52,,,
2022-03-09,202.7947540283203,-0.205822777510467,228000,46237203.91845703,3.4205775,1.0134666,25871923200.0,2.1590000000000003,1.979,-3.155,522.0,-15.52,,,
2022-03-10,223.0811767578125,10.003425792098742,772800,172397133.3984375,3.4205775,1.0134666,25871923200.0,2.1590000000000003,1.979,-3.155,522.0,-15.52,,,
2022-03-11,218.20127868652344,-2.1874988029971343,283200,61794602.12402344,3.4205775,1.0134666,25871923200.0,2.1590000000000003,1.979,-3.155,522.0,-15.52,,,
2022-03-14,222.7326202392578,2.0766796510135466,679200,151279995.6665039,3.4205775,1.0134666,25871923200.0,2.1590000000000003,1.979,-3.155,522.0,-15.52,,,
2022-03-15,223.77833557128903,0.4694935707701742,351600,78680462.78686523,3.4205775,1.0134666,25871923200.0,2.1590000000000003,1.979,-3.155,522.0,-15.52,,,
2022-03-16,214.3670654296875,-4.205621655722524,477600,102381710.44921876,3.4205775,1.0134666,25871923200.0,2.1590000000000003,1.979,-3.155,522.0,-15.52,,,
2022-03-17,219.5955505371093,2.439033765257581,278400,61135401.26953125,3.4205775,1.0134666,25871923200.0,2.1590000000000003,1.979,-3.155,522.0,-15.52,,,
2022-03-18,203.7010192871093,-7.238093491021802,812400,165486708.06884766,3.4205775,1.0134666,25871923200.0,2.1590000000000003,1.979,-3.155,522.0,-15.52,,,
2022-03-22,187.8761749267578,-7.768662334500642,1291200,242585717.0654297,3.4205775,1.0134666,25871923200.0,2.1590000000000003,1.979,-3.155,522.0,-15.52,,,
2022-03-23,189.4795837402344,0.8534391410202069,337200,63892515.63720703,3.4205775,1.0134666,25871923200.0,2.1590000000000003,1.979,-3.155,522.0,-15.52,,,
2022-03-24,195.962890625,3.4216387627565625,201600,39506118.75,3.4205775,1.0134666,25871923200.0,2.1590000000000003,1.979,-3.155,522.0,-15.52,,,
2022-03-25,194.42919921875,-0.7826437961587884,229200,44563172.4609375,3.4205775,1.0134666,25871923200.0,2.1590000000000003,1.979,-3.155,522.0,-15.52,,,
2022-03-28,200.0759429931641,2.9042673616430204,289200,57861962.71362305,3.4205775,1.0134666,25871923200.0,2.1590000000000003,1.979,-3.155,522.0,-15.52,,,
2022-03-29,199.86680603027344,-0.1045287902992742,238800,47728193.2800293,3.4205775,1.0134666,25871923200.0,2.1590000000000003,1.979,-3.155,522.0,-15.52,,,
2022-03-30,193.11358642578125,-3.3788600211429265,283600,54767013.11035156,3.4205775,1.0134666,25871923200.0,2.1590000000000003,1.979,-3.155,522.0,-15.52,,,
2022-03-31,186.43218994140625,-3.4598272488418846,233600,43550559.5703125,3.4205775,1.0134666,25871923200.0,2.1590000000000003,1.979,-3.155,522.0,-15.52,,,
2022-04-01,187.0787506103516,0.3468074205149385,140400,26265856.58569336,3.4205775,1.0134666,25871923200.0,2.1590000000000003,1.979,-3.155,522.0,-15.52,,,
2022-04-04,195.05332946777344,4.262685543603695,143200,27931636.77978516,3.4205775,1.0134666,25871923200.0,2.1590000000000003,1.979,-3.155,522.0,-15.52,,,
2022-04-05,188.1564178466797,-3.535910737803249,197600,37179708.16650391,3.4205775,1.0134666,25871923200.0,2.1590000000000003,1.979,-3.155,522.0,-15.52,,,
2022-04-06,185.57009887695312,-1.3745579339387914,141200,26202497.96142578,3.4205775,1.0134666,25871923200.0,2.1590000000000003,1.979,-3.155,522.0,-15.52,,,
2022-04-07,179.96633911132812,-3.0197536130757263,142400,25627206.689453125,3.4205775,1.0134666,25871923200.0,2.1590000000000003,1.979,-3.155,522.0,-15.52,,,
2022-04-08,174.14706420898438,-3.2335351883464813,198800,34620436.364746094,3.4205775,1.0134666,25871923200.0,2.1590000000000003,1.979,-3.155,522.0,-15.52,,,
2022-04-11,179.10423278808594,2.8465415719858056,135600,24286533.966064453,3.4205775,1.0134666,25871923200.0,2.1590000000000003,1.979,-3.155,522.0,-15.52,,,
2022-04-12,173.93153381347656,-2.8880942086553896,202000,35134169.830322266,3.4205775,1.0134666,25871923200.0,2.1590000000000003,1.979,-3.155,522.0,-15.52,,,
2022-04-13,177.81103515625,2.230476129149639,61600,10953159.765625,3.4205775,1.0134666,25871923200.0,2.1590000000000003,1.979,-3.155,522.0,-15.52,,,
2022-04-14,180.181884765625,1.3333534711676531,68800,12396513.671875,3.4205775,1.0134666,25871923200.0,2.1590000000000003,1.979,-3.155,522.0,-15.52,,,
2022-04-15,178.02658081054688,-1.1961823786457049,122000,21719242.85888672,3.4205775,1.0134666,25871923200.0,2.1590000000000003,1.979,-3.155,522.0,-15.52,,,
2022-04-18,186.43218994140625,4.721547250185343,244000,45489454.345703125,3.4205775,1.0134666,25871923200.0,2.1590000000000003,1.979,-3.155,522.0,-15.52,,,
2022-04-19,187.50982666015625,0.5780314650000618,203200,38101996.77734375,3.4205775,1.0134666,25871923200.0,2.1590000000000003,1.979,-3.155,522.0,-15.52,,,
2022-04-20,189.6651153564453,1.1494270645320936,217600,41271129.1015625,3.4205775,1.0134666,25871923200.0,2.1590000000000003,1.979,-3.155,522.0,-15.52,,,
2022-04-21,207.12290954589844,9.20453619351349,2876000,595685487.8540039,3.4205775,1.0134666,25871923200.0,2.1590000000000003,1.979,-3.155,522.0,-15.52,,,
2022-04-22,216.606201171875,4.578581696620598,956000,207075528.3203125,3.4205775,1.0134666,25871923200.0,2.1590000000000003,1.979,-3.155,522.0,-15.52,,,
2022-04-25,213.5887756347656,-1.393046699856515,1163600,248531899.32861328,3.4205775,1.0134666,25871923200.0,2.1590000000000003,1.979,-3.155,522.0,-15.52,,,
2022-04-26,200.44155883789065,-6.155387500023213,439600,88114109.26513672,3.4205775,1.0134666,25871923200.0,2.1590000000000003,1.979,-3.155,522.0,-15.52,,,
2022-04-27,196.3465118408203,-2.0430129464230617,401600,78852759.15527344,3.4205775,1.0134666,25871923200.0,2.1590000000000003,1.979,-3.155,522.0,-15.52,,,
2022-04-28,204.3210601806641,4.061466773755962,290800,59416564.30053711,3.4205775,1.0134666,25871923200.0,2.1590000000000003,1.979,-3.155,522.0,-15.52,,,
2022-05-02,209.9247894287109,2.742609715852073,265600,55756024.072265625,3.4205775,1.0134666,25871923200.0,2.1590000000000003,1.979,-3.155,522.0,-15.52,,,
2022-05-06,208.6316375732422,-0.6160072181031762,304400,63507470.47729492,3.4205775,1.0134666,25871923200.0,2.1590000000000003,1.979,-3.155,522.0,-15.52,,,
2022-05-09,199.7949676513672,-4.235536865195144,158800,31727440.86303711,3.4205775,1.0134666,25871923200.0,2.1590000000000003,1.979,-3.155,522.0,-15.52,,,
2022-05-10,201.0881500244141,0.6472547273079554,151600,30484963.54370117,3.4205775,1.0134666,25871923200.0,2.1590000000000003,1.979,-3.155,522.0,-15.52,,,
2022-05-11,200.010482788086,-0.5359178232020589,74800,14960784.112548828,3.4205775,1.0134666,25871923200.0,2.1590000000000003,1.979,-3.155,522.0,-15.52,,,
2022-05-12,197.855209350586,-1.0775802385235678,82000,16224127.166748049,3.4205775,1.0134666,25871923200.0,2.1590000000000003,1.979,-3.155,522.0,-15.52,,,
2022-05-13,208.41612243652344,5.337697764239446,308400,64275532.15942383,3.4205775,1.0134666,25871923200.0,2.1590000000000003,1.979,-3.155,522.0,-15.52,,,
2022-05-16,196.56202697753903,-5.68770559609405,578800,113770101.2145996,3.4205775,1.0134666,25871923200.0,2.1590000000000003,1.979,-3.155,522.0,-15.52,,,
2022-05-17,205.61422729492188,4.605264026106726,306000,62917953.552246094,3.4205775,1.0134666,25871923200.0,2.1590000000000003,1.979,-3.155,522.0,-15.52,,,
2022-05-18,207.7695159912109,1.0482196318047698,263600,54768044.4152832,3.4205775,1.0134666,25871923200.0,2.1590000000000003,1.979,-3.155,522.0,-15.52,,,
2022-05-19,205.3986968994141,-1.1410812989029462,304400,62523363.33618164,3.4205775,1.0134666,25871923200.0,2.1590000000000003,1.979,-3.155,522.0,-15.52,,,
2022-05-20,211.2179718017578,2.8331605751099387,95600,20192438.104248047,3.4205775,1.0134666,25871923200.0,2.1590000000000003,1.979,-3.155,522.0,-15.52,,,
2022-05-23,210.7869110107422,-0.2040833870993741,111600,23523819.268798828,3.4205775,1.0134666,25871923200.0,2.1590000000000003,1.979,-3.155,522.0,-15.52,,,
2022-05-24,203.4589233398437,-3.4764908483928547,124800,25391673.6328125,3.4205775,1.0134666,25871923200.0,2.1590000000000003,1.979,-3.155,522.0,-15.52,,,
2022-05-25,201.0881500244141,-1.1652343758202788,76400,15363134.661865234,3.4205775,1.0134666,25871923200.0,2.1590000000000003,1.979,-3.155,522.0,-15.52,,,
2022-05-26,199.14840698242188,-0.9646232469475158,72800,14498004.028320312,3.4205775,1.0134666,25871923200.0,2.1590000000000003,1.979,-3.155,522.0,-15.52,,,
2022-05-27,201.3036651611328,1.0822372176450212,109200,21982360.235595703,3.4205775,1.0134666,25871923200.0,2.1590000000000003,1.979,-3.155,522.0,-15.52,,,
2022-05-30,201.3036651611328,0.0,74400,14976992.68798828,3.4205775,1.0134666,25871923200.0,2.1590000000000003,1.979,-3.155,522.0,-15.52,,,
2022-05-31,200.010482788086,-0.6424037893258183,65200,13040683.477783203,3.4205775,1.0134666,25871923200.0,2.1590000000000003,1.979,-3.155,522.0,-15.52,,,
2022-06-01,202.3813018798828,1.1853474171695355,44800,9066682.32421875,3.4205775,1.0134666,25871923200.0,2.1590000000000003,1.979,-3.155,522.0,-15.52,,,
2022-06-02,198.2862701416016,-2.0234239528272857,116400,23080521.844482426,3.4205775,1.0134666,25871923200.0,2.1590000000000003,1.979,-3.155,522.0,-15.52,,,
2022-06-03,199.14840698242188,0.4347940178634824,88000,17525059.814453125,3.4205775,1.0134666,25871923200.0,2.1590000000000003,1.979,-3.155,522.0,-15.52,,,
2022-06-06,205.3986968994141,3.1385086186222377,175600,36068011.17553711,3.4205775,1.0134666,25871923200.0,2.1590000000000003,1.979,-3.155,522.0,-15.52,,,
2022-06-07,208.41612243652344,1.4690577801411475,197200,41099659.34448242,3.4205775,1.0134666,25871923200.0,2.1590000000000003,1.979,-3.155,522.0,-15.52,,,
2022-06-08,209.0626678466797,0.3102185198523566,91600,19150140.37475586,3.4205775,1.0134666,25871923200.0,2.1590000000000003,1.979,-3.155,522.0,-15.52,,,
2022-06-09,208.41612243652344,-0.3092591407234946,95200,19841214.85595703,3.4205775,1.0134666,25871923200.0,2.1590000000000003,1.979,-3.155,522.0,-15.52,,,
2022-06-10,206.4763336181641,-0.9307287726505796,102400,21143176.5625,3.4205775,1.0134666,25871923200.0,2.1590000000000003,1.979,-3.155,522.0,-15.52,,,
2022-06-13,204.7521209716797,-0.8350655090926584,159200,32596537.658691406,3.4205775,1.0134666,25871923200.0,2.1590000000000003,1.979,-3.155,522.0,-15.52,,,
2022-06-14,201.9502716064453,-1.3684104232658534,94400,19064105.63964844,3.4205775,1.0134666,25871923200.0,2.1590000000000003,1.979,-3.155,522.0,-15.52,,,
2022-06-15,198.5018005371093,-1.707584269089879,86400,17150555.56640625,3.4205775,1.0134666,25871923200.0,2.1590000000000003,1.979,-3.155,522.0,-15.52,,,
2022-06-16,199.3638916015625,0.4342988638493361,107600,21451554.736328125,3.4205775,1.0134666,25871923200.0,2.1590000000000003,1.979,-3.155,522.0,-15.52,,,
2022-06-17,201.3036651611328,0.9729813879471472,129200,26008433.53881836,3.4205775,1.0134666,25871923200.0,2.1590000000000003,1.979,-3.155,522.0,-15.52,,,
2022-06-20,192.03594970703125,-4.603848343587414,286800,55075910.37597656,3.4205775,1.0134666,25871923200.0,2.1590000000000003,1.979,-3.155,522.0,-15.52,,,
2022-06-21,199.14840698242188,3.703711355213102,124400,24774061.82861328,3.4205775,1.0134666,25871923200.0,2.1590000000000003,1.979,-3.155,522.0,-15.52,,,
2022-06-22,200.8726043701172,0.8657851769045211,79200,15909110.26611328,3.4205775,1.0134666,25871923200.0,2.1590000000000003,1.979,-3.155,522.0,-15.52,,,
2022-06-23,201.9502716064453,0.5364928879711517,69600,14055738.903808594,3.4205775,1.0134666,25871923200.0,2.1590000000000003,1.979,-3.155,522.0,-15.52,,,
2022-06-24,205.61422729492188,1.8142860909921232,129600,26647603.857421875,3.4205775,1.0134666,25871923200.0,2.1590000000000003,1.979,-3.155,522.0,-15.52,,,
2022-06-27,209.9247894287109,2.0964318425330752,184800,38794101.08642578,3.4205775,1.0134666,25871923200.0,2.1590000000000003,1.979,-3.155,522.0,-15.52,,,
2022-06-28,212.72666931152344,1.3347065348678022,290000,61690734.1003418,3.4205775,1.0134666,25871923200.0,2.1590000000000003,1.979,-3.155,522.0,-15.52,,,
2022-06-29,215.5285186767578,1.3171124120461286,192400,41467686.9934082,3.4205775,1.0134666,25871923200.0,2.1590000000000003,1.979,-3.155,522.0,-15.52,,,
2022-06-30,210.14035034179688,-2.49997929185507,100000,21014035.034179688,3.4205775,1.0134666,25871923200.0,2.1590000000000003,1.979,-3.155,522.0,-15.52,,,
2022-07-01,204.3210601806641,-2.7692397731647667,168400,34407666.53442383,3.4205775,1.0134666,25871923200.0,2.1590000000000003,1.979,-3.155,522.0,-15.52,,,
2022-07-04,203.6744842529297,-0.3164509459586129,72400,14746032.65991211,3.4205775,1.0134666,25871923200.0,2.1590000000000003,1.979,-3.155,522.0,-15.52,,,
2022-07-05,207.98504638671875,2.1163977164837533,67600,14059789.135742188,3.4205775,1.0134666,25871923200.0,2.1590000000000003,1.979,-3.155,522.0,-15.52,,,
2022-07-06,205.1831817626953,-1.3471471496146692,63600,13049650.360107422,3.4205775,1.0134666,25871923200.0,2.1590000000000003,1.979,-3.155,522.0,-15.52,,,
2022-07-07,202.81236267089844,-1.1554646299124285,66400,13466740.881347656,3.4205775,1.0134666,25871923200.0,2.1590000000000003,1.979,-3.155,522.0,-15.52,,,
2022-07-08,204.7521209716797,0.9564300101019274,70800,14496450.164794922,3.4205775,1.0134666,25871923200.0,2.1590000000000003,1.979,-3.155,522.0,-15.52,,,
2022-07-11,209.0626678466797,2.1052513910692072,186000,38885656.21948242,3.4205775,1.0134666,25871923200.0,2.1590000000000003,1.979,-3.155,522.0,-15.52,,,
2022-07-12,206.0452880859375,-1.4432896087191671,87600,18049567.236328125,3.4205775,1.0134666,25871923200.0,2.1590000000000003,1.979,-3.155,522.0,-15.52,,,
2022-07-13,211.64903259277344,2.719666418432598,74000,15662028.411865234,3.4205775,1.0134666,25871923200.0,2.1590000000000003,1.979,-3.155,522.0,-15.52,,,
2022-07-14,213.37326049804688,0.8146637308713567,67200,14338683.10546875,3.4205775,1.0134666,25871923200.0,2.1590000000000003,1.979,-3.155,522.0,-15.52,,,
2022-07-15,214.01983642578125,0.3030257522546042,101200,21658807.446289062,3.4205775,1.0134666,25871923200.0,2.1590000000000003,1.979,-3.155,522.0,-15.52,,,
2022-07-19,225.0118103027344,5.135960320558874,427600,96215050.08544922,3.4205775,1.0134666,25871923200.0,2.1590000000000003,1.979,-3.155,522.0,-15.52,,,
2022-07-20,223.07205200195312,-0.8620695501144859,325600,72632260.13183594,3.4205775,1.0134666,25871923200.0,2.1590000000000003,1.979,-3.155,522.0,-15.52,,,
2022-07-21,227.16709899902344,1.835750808009995,149200,33893331.1706543,3.4205775,1.0134666,25871923200.0,2.1590000000000003,1.979,-3.155,522.0,-15.52,,,
2022-07-22,226.5204925537109,-0.2846391260713732,81600,18484072.19238281,3.4205775,1.0134666,25871923200.0,2.1590000000000003,1.979,-3.155,522.0,-15.52,,,
2022-07-25,222.64097595214844,-1.7126559093290972,158800,35355386.98120117,3.4205775,1.0134666,25871923200.0,2.1590000000000003,1.979,-3.155,522.0,-15.52,,,
2022-07-26,222.4254608154297,-0.0967994035226738,68000,15124931.33544922,3.4205775,1.0134666,25871923200.0,2.1590000000000003,1.979,-3.155,522.0,-15.52,,,
2022-07-27,230.4000244140625,3.585274621618151,118000,27187202.88085937,3.4205775,1.0134666,25871923200.0,2.1590000000000003,1.979,-3.155,522.0,-15.52,,,
2022-07-28,228.46026611328125,-0.841908895502208,258000,58942748.65722656,3.4205775,1.0134666,25871923200.0,2.1590000000000003,1.979,-3.155,522.0,-15.52,,,
2022-07-29,222.4254608154297,-2.6415119795313635,153600,34164550.78125,3.4205775,1.0134666,25871923200.0,2.1590000000000003,1.979,-3.155,522.0,-15.52,,,
2022-08-01,234.2794952392578,5.329441324014916,102400,23990220.3125,3.4205775,1.0134666,25871923200.0,2.1590000000000003,1.979,-3.155,522.0,-15.52,,,
2022-08-02,229.53790283203125,-2.0239041416681425,70400,16159468.359375,3.4205775,1.0134666,25871923200.0,2.1590000000000003,1.979,-3.155,522.0,-15.52,,,
2022-08-03,228.89129638671875,-0.281699204068131,81200,18585973.26660156,3.4205775,1.0134666,25871923200.0,2.1590000000000003,1.979,-3.155,522.0,-15.52,,,
2022-08-04,222.85650634765625,-2.6365310233843697,64000,14262816.40625,3.4205775,1.0134666,25871923200.0,2.1590000000000003,1.979,-3.155,522.0,-15.52,,,
2022-08-05,219.40806579589844,-1.5473815901871135,105600,23169491.748046875,3.4205775,1.0134666,25871923200.0,2.1590000000000003,1.979,-3.155,522.0,-15.52,,,
2022-08-08,246.9956970214844,12.573663199441798,838800,207179990.6616211,3.4205775,1.0134666,25871923200.0,2.1590000000000003,1.979,-3.155,522.0,-15.52,,,
2022-08-09,245.7025146484375,-0.5235647376214736,401200,98575848.87695312,3.4205775,1.0134666,25871923200.0,2.1590000000000003,1.979,-3.155,522.0,-15.52,,,
2022-08-10,255.61688232421875,4.035110381335416,304000,77707532.2265625,3.4205775,1.0134666,25871923200.0,2.1590000000000003,1.979,-3.155,522.0,-15.52,,,
2022-08-12,264.8845520019531,3.625609385994877,613600,162533161.10839844,3.4205775,1.0134666,25871923200.0,2.1590000000000003,1.979,-3.155,522.0,-15.52,,,
2022-08-15,240.0988006591797,-9.357190200578655,934800,224444358.8562012,3.4205775,1.0134666,25871923200.0,2.1590000000000003,1.979,-3.155,522.0,-15.52,,,
2022-08-16,243.97830200195312,1.615793719969627,284800,69485020.41015625,3.4205775,1.0134666,25871923200.0,2.1590000000000003,1.979,-3.155,522.0,-15.52,,,
2022-08-17,239.02117919921875,-2.03178838530268,276400,66065453.93066406,3.4205775,1.0134666,25871923200.0,2.1590000000000003,1.979,-3.155,522.0,-15.52,,,
2022-08-18,240.3143615722656,0.5410325467305244,237600,57098692.30957031,3.4205775,1.0134666,25871923200.0,2.1590000000000003,1.979,-3.155,522.0,-15.52,,,
2022-08-19,242.4696044921875,0.8968431623566309,174800,42383686.865234375,3.4205775,1.0134666,25871923200.0,2.1590000000000003,1.979,-3.155,522.0,-15.52,,,
2022-08-22,237.08140563964844,-2.22221620884141,176400,41821159.954833984,3.4205775,1.0134666,25871923200.0,2.1590000000000003,1.979,-3.155,522.0,-15.52,,,
2022-08-23,228.6757659912109,-3.5454655862862783,441200,100891747.95532228,3.4205775,1.0134666,25871923200.0,2.1590000000000003,1.979,-3.155,522.0,-15.52,,,
2022-08-24,228.24473571777344,-0.1884897035631105,138800,31680369.31762696,3.4205775,1.0134666,25871923200.0,2.1590000000000003,1.979,-3.155,522.0,-15.52,,,
2022-08-25,227.16709899902344,-0.4721408865624443,79200,17991634.240722656,3.4205775,1.0134666,25871923200.0,2.1590000000000003,1.979,-3.155,522.0,-15.52,,,
2022-08-26,224.5807342529297,-1.138529636329455,254800,57223171.08764648,3.4205775,1.0134666,25871923200.0,2.1590000000000003,1.979,-3.155,522.0,-15.52,,,
2022-08-29,220.27017211914065,-1.919381975541312,172000,37886469.60449219,3.4205775,1.0134666,25871923200.0,2.1590000000000003,1.979,-3.155,522.0,-15.52,,,
2022-08-30,218.1148834228516,-0.9784750588578528,453200,98849665.16723631,3.4205775,1.0134666,25871923200.0,2.1590000000000003,1.979,-3.155,522.0,-15.52,,,
2022-08-31,222.4254608154297,1.976287598962867,366400,81496688.84277344,3.4205775,1.0134666,25871923200.0,2.1590000000000003,1.979,-3.155,522.0,-15.52,,,
2022-09-01,223.07205200195312,0.2907001672169063,341200,76112184.1430664,3.4205775,1.0134666,25871923200.0,2.1590000000000003,1.979,-3.155,522.0,-15.52,,,
2022-09-02,216.8217163085937,-2.80193580382031,372400,80744407.15332031,3.4205775,1.0134666,25871923200.0,2.1590000000000003,1.979,-3.155,522.0,-15.52,,,
2022-09-05,218.1148834228516,0.5964195544035267,138000,30099853.91235352,3.4205775,1.0134666,25871923200.0,2.1590000000000003,1.979,-3.155,522.0,-15.52,,,
2022-09-06,215.9596099853516,-0.9881368037235938,334400,72216893.57910156,3.4205775,1.0134666,25871923200.0,2.1590000000000003,1.979,-3.155,522.0,-15.52,,,
2022-09-07,214.01983642578125,-0.8982112718678659,713600,152724555.2734375,3.4205775,1.0134666,25871923200.0,2.1590000000000003,1.979,-3.155,522.0,-15.52,,,
2022-09-08,215.5285186767578,0.7049263639166137,275200,59313448.33984375,3.4205775,1.0134666,25871923200.0,2.1590000000000003,1.979,-3.155,522.0,-15.52,,,
2022-09-09,219.40806579589844,1.8000156744727658,650800,142790769.2199707,3.4205775,1.0134666,25871923200.0,2.1590000000000003,1.979,-3.155,522.0,-15.52,,,
2022-09-12,221.34780883789065,0.8840800974913243,337200,74638481.14013672,3.4205775,1.0134666,25871923200.0,2.1590000000000003,1.979,-3.155,522.0,-15.52,,,
2022-09-13,217.683837890625,-1.6553003015941423,217600,47368003.125,3.4205775,1.0134666,25871923200.0,2.1590000000000003,1.979,-3.155,522.0,-15.52,,,
2022-09-14,215.5285186767578,-0.990114486565663,362400,78107535.16845703,3.4205775,1.0134666,25871923200.0,2.1590000000000003,1.979,-3.155,522.0,-15.52,,,
2022-09-15,215.5285186767578,0.0,149200,32156854.986572266,3.4205775,1.0134666,25871923200.0,2.1590000000000003,1.979,-3.155,522.0,-15.52,,,
2022-09-16,212.72666931152344,-1.2999900813295606,392000,83388854.37011719,3.4205775,1.0134666,25871923200.0,2.1590000000000003,1.979,-3.155,522.0,-15.52,,,
2022-09-20,213.8043212890625,0.5065899734277846,282400,60378340.33203125,3.4205775,1.0134666,25871923200.0,2.1590000000000003,1.979,-3.155,522.0,-15.52,,,
2022-09-21,210.5713806152344,-1.5121025872331215,325600,68562041.52832031,3.4205775,1.0134666,25871923200.0,2.1590000000000003,1.979,-3.155,522.0,-15.52,,,
2022-09-22,210.5713806152344,0.0,178800,37650162.85400391,3.4205775,1.0134666,25871923200.0,2.1590000000000003,1.979,-3.155,522.0,-15.52,,,
2022-09-26,204.3210601806641,-2.9682668253912303,409200,83608177.82592773,3.4205775,1.0134666,25871923200.0,2.1590000000000003,1.979,-3.155,522.0,-15.52,,,
2022-09-27,203.88999938964844,-0.210972276002519,148800,30338831.909179688,3.4205775,1.0134666,25871923200.0,2.1590000000000003,1.979,-3.155,522.0,-15.52,,,
2022-09-28,201.7347106933593,-1.057084066281322,277600,56001555.68847656,3.4205775,1.0134666,25871923200.0,2.1590000000000003,1.979,-3.155,522.0,-15.52,,,
2022-09-29,206.8167266845703,2.5191579444826973,170000,35158843.53637695,3.4205775,1.0134666,25871923200.0,2.1590000000000003,1.979,-3.155,522.0,-15.52,,,
2022-09-30,200.18800354003903,-3.205119455662375,390000,78073321.38061523,3.4205775,1.0134666,25871923200.0,2.1590000000000003,1.979,-3.155,522.0,-15.52,,,
2022-10-03,203.7233428955078,1.7660095974540546,242400,49382538.31787109,3.4205775,1.0134666,25871923200.0,2.1590000000000003,1.979,-3.155,522.0,-15.52,,,
2022-10-04,206.8167266845703,1.5184238316024112,126400,26141634.252929688,3.4205775,1.0134666,25871923200.0,2.1590000000000003,1.979,-3.155,522.0,-15.52,,,
2022-10-05,205.7119598388672,-0.5341767387064711,143200,29457952.64892578,3.4205775,1.0134666,25871923200.0,2.1590000000000003,1.979,-3.155,522.0,-15.52,,,
2022-10-06,211.2359161376953,2.6852868949160724,134800,28474601.495361328,3.4205775,1.0134666,25871923200.0,2.1590000000000003,1.979,-3.155,522.0,-15.52,,,
2022-10-07,209.0263214111328,-1.046031738808173,95200,19899305.798339844,3.4205775,1.0134666,25871923200.0,2.1590000000000003,1.979,-3.155,522.0,-15.52,,,
2022-10-11,203.9442901611328,-2.4312877037166003,102800,20965473.028564453,3.4205775,1.0134666,25871923200.0,2.1590000000000003,1.979,-3.155,522.0,-15.52,,,
2022-10-12,205.7119598388672,0.8667414401931861,65600,13494704.565429688,3.4205775,1.0134666,25871923200.0,2.1590000000000003,1.979,-3.155,522.0,-15.52,,,
2022-10-13,205.049072265625,-0.3222406581325776,74000,15173631.34765625,3.4205775,1.0134666,25871923200.0,2.1590000000000003,1.979,-3.155,522.0,-15.52,,,
2022-10-14,208.5844116210937,1.724143063124428,98000,20441272.338867188,3.4205775,1.0134666,25871923200.0,2.1590000000000003,1.979,-3.155,522.0,-15.52,,,
2022-10-17,208.5844116210937,0.0,58800,12264763.403320312,3.4205775,1.0134666,25871923200.0,2.1590000000000003,1.979,-3.155,522.0,-15.52,,,
2022-10-18,211.4568634033203,1.3771171871868049,110800,23429420.46508789,3.4205775,1.0134666,25871923200.0,2.1590000000000003,1.979,-3.155,522.0,-15.52,,,
2022-10-19,209.24728393554688,-1.044931544056349,104000,21761717.529296875,3.4205775,1.0134666,25871923200.0,2.1590000000000003,1.979,-3.155,522.0,-15.52,,,
2022-10-20,208.5844116210937,-0.3167889694842163,78800,16436451.635742188,3.4205775,1.0134666,25871923200.0,2.1590000000000003,1.979,-3.155,522.0,-15.52,,,
2022-10-21,209.24728393554688,0.3177957112429297,92800,19418147.94921875,3.4205775,1.0134666,25871923200.0,2.1590000000000003,1.979,-3.155,522.0,-15.52,,,
2022-10-24,212.3406982421875,1.4783533857450015,92400,19620280.517578125,3.4205775,1.0134666,25871923200.0,2.1590000000000003,1.979,-3.155,522.0,-15.52,,,
2022-10-25,215.2131500244141,1.3527561159991874,98000,21090888.70239257,3.4205775,1.0134666,25871923200.0,2.1590000000000003,1.979,-3.155,522.0,-15.52,,,
2022-10-26,213.6664581298828,-0.7186790836692825,104400,22306778.22875977,3.4205775,1.0134666,25871923200.0,2.1590000000000003,1.979,-3.155,522.0,-15.52,,,
2022-10-27,211.4568634033203,-1.0341327066035522,123600,26136068.31665039,3.4205775,1.0134666,25871923200.0,2.1590000000000003,1.979,-3.155,522.0,-15.52,,,
2022-10-28,207.25865173339844,-1.985374984927524,178000,36892040.00854492,3.4205775,1.0134666,25871923200.0,2.1590000000000003,1.979,-3.155,522.0,-15.52,,,
2022-10-31,205.7119598388672,-0.7462616791123367,246400,50687426.90429688,3.4205775,1.0134666,25871923200.0,2.1590000000000003,1.979,-3.155,522.0,-15.52,,,
2022-11-01,205.27005004882807,-0.2148196878709485,273600,56161885.693359375,3.4205775,1.0134666,25871923200.0,2.1590000000000003,1.979,-3.155,522.0,-15.52,,,
2022-11-02,205.27005004882807,0.0,240800,49429028.05175781,3.4205775,1.0134666,25871923200.0,2.1590000000000003,1.979,-3.155,522.0,-15.52,,,
2022-11-04,202.61854553222656,-1.2917152385215735,113200,22936419.354248047,3.4205775,1.0134666,25871923200.0,2.1590000000000003,1.979,-3.155,522.0,-15.52,,,
2022-11-07,205.4910125732422,1.4176723228717325,120400,24741117.91381836,3.4205775,1.0134666,25871923200.0,2.1590000000000003,1.979,-3.155,522.0,-15.52,,,
2022-11-08,206.1538848876953,0.3225797109821737,116800,24078773.75488281,3.4205775,1.0134666,25871923200.0,2.1590000000000003,1.979,-3.155,522.0,-15.52,,,
2022-11-09,213.00357055664065,3.322608095732349,229200,48820418.37158203,3.4205775,1.0134666,25871923200.0,2.1590000000000003,1.979,-3.155,522.0,-15.52,,,
2022-11-10,212.7826232910156,-0.1037293717882748,112400,23916766.85791016,3.4205775,1.0134666,25871923200.0,2.1590000000000003,1.979,-3.155,522.0,-15.52,,,
2022-11-11,209.689193725586,-1.453798020526753,298000,62487379.73022461,3.4205775,1.0134666,25871923200.0,2.1590000000000003,1.979,-3.155,522.0,-15.52,,,
2022-11-14,206.1538848876953,-1.6859756933956138,474800,97881864.54467772,3.4205775,1.0134666,25871923200.0,2.1590000000000003,1.979,-3.155,522.0,-15.52,,,
2022-11-15,179.19699096679688,-13.076102803293532,1830800,328073851.0620117,3.4205775,1.0134666,25871923200.0,2.1590000000000003,1.979,-3.155,522.0,-15.52,,,
2022-11-16,173.89401245117188,-2.959301094853528,1111200,193231026.6357422,3.4205775,1.0134666,25871923200.0,2.1590000000000003,1.979,-3.155,522.0,-15.52,,,
2022-11-17,178.7550811767578,2.795420415611427,535600,95741221.47827148,3.4205775,1.0134666,25871923200.0,2.1590000000000003,1.979,-3.155,522.0,-15.52,,,
2022-11-18,178.0922088623047,-0.3708271172429778,335200,59696508.41064453,3.4205775,1.0134666,25871923200.0,2.1590000000000003,1.979,-3.155,522.0,-15.52,,,
2022-11-21,184.4999847412109,3.598010221693948,392800,72471594.00634766,3.4205775,1.0134666,25871923200.0,2.1590000000000003,1.979,-3.155,522.0,-15.52,,,
2022-11-22,186.04669189453125,0.8383237296684998,210000,39069805.29785156,3.4205775,1.0134666,25871923200.0,2.1590000000000003,1.979,-3.155,522.0,-15.52,,,
2022-11-24,188.9191436767578,1.543941336970911,169600,32040686.767578125,3.4205775,1.0134666,25871923200.0,2.1590000000000003,1.979,-3.155,522.0,-15.52,,,
2022-11-25,188.6981964111328,-0.1169533491021113,137600,25964871.826171875,3.4205775,1.0134666,25871923200.0,2.1590000000000003,1.979,-3.155,522.0,-15.52,,,
2022-11-28,187.5933990478516,-0.5854837959734072,214400,40220024.755859375,3.4205775,1.0134666,25871923200.0,2.1590000000000003,1.979,-3.155,522.0,-15.52,,,
2022-11-29,188.4772491455078,0.4711520246140521,240800,45385321.59423828,3.4205775,1.0134666,25871923200.0,2.1590000000000003,1.979,-3.155,522.0,-15.52,,,
2022-11-30,187.3724365234375,-0.5861782401213711,94800,17762906.982421875,3.4205775,1.0134666,25871923200.0,2.1590000000000003,1.979,-3.155,522.0,-15.52,,,
2022-12-01,188.2562713623047,0.4716994960764387,160400,30196305.926513672,3.4205775,1.0134666,25871923200.0,2.1590000000000003,1.979,-3.155,522.0,-15.52,,,
2022-12-02,186.4886016845703,-0.9389698759795562,276400,51545449.505615234,3.4205775,1.0134666,25871923200.0,2.1590000000000003,1.979,-3.155,522.0,-15.52,,,
2022-12-05,180.08084106445312,-3.436006577471884,332800,59930903.90625,3.4205775,1.0134666,25871923200.0,2.1590000000000003,1.979,-3.155,522.0,-15.52,,,
2022-12-06,178.7550811767578,-0.7362026298071367,239600,42829717.44995117,3.4205775,1.0134666,25871923200.0,2.1590000000000003,1.979,-3.155,522.0,-15.52,,,
2022-12-07,181.4065704345703,1.4833084689719334,113600,20607786.401367188,3.4205775,1.0134666,25871923200.0,2.1590000000000003,1.979,-3.155,522.0,-15.52,,,
2022-12-08,180.30178833007807,-0.6090088698803009,170400,30723424.731445312,3.4205775,1.0134666,25871923200.0,2.1590000000000003,1.979,-3.155,522.0,-15.52,,,
2022-12-09,180.52273559570312,0.1225430250422654,129200,23323537.438964844,3.4205775,1.0134666,25871923200.0,2.1590000000000003,1.979,-3.155,522.0,-15.52,,,
2022-12-12,181.4065704345703,0.4895975213042414,194800,35337999.9206543,3.4205775,1.0134666,25871923200.0,2.1590000000000003,1.979,-3.155,522.0,-15.52,,,
2022-12-13,183.83712768554688,1.3398397010395025,155200,28531522.216796875,3.4205775,1.0134666,25871923200.0,2.1590000000000003,1.979,-3.155,522.0,-15.52,,,
2022-12-14,182.29039001464844,-0.841363053465527,181600,33103934.82666016,3.4205775,1.0134666,25871923200.0,2.1590000000000003,1.979,-3.155,522.0,-15.52,,,
2022-12-15,186.93052673339844,2.545464255343965,152800,28562984.48486328,3.4205775,1.0134666,25871923200.0,2.1590000000000003,1.979,-3.155,522.0,-15.52,,,
2022-12-16,188.9191436767578,1.0638267478888297,277200,52368386.62719727,3.4205775,1.0134666,25871923200.0,2.1590000000000003,1.979,-3.155,522.0,-15.52,,,
2022-12-19,186.70957946777344,-1.1695819523536266,245200,45781188.88549805,3.4205775,1.0134666,25871923200.0,2.1590000000000003,1.979,-3.155,522.0,-15.52,,,
2022-12-20,187.1514892578125,0.2366829764700595,510400,95522120.1171875,3.4205775,1.0134666,25871923200.0,2.1590000000000003,1.979,-3.155,522.0,-15.52,,,
2022-12-21,182.9532928466797,-2.2432075896278603,1390800,254451439.6911621,3.4205775,1.0134666,25871923200.0,2.1590000000000003,1.979,-3.155,522.0,-15.52,,,
2022-12-22,182.0694580078125,-0.4830931573381769,219200,39909625.1953125,3.4205775,1.0134666,25871923200.0,2.1590000000000003,1.979,-3.155,522.0,-15.52,,,
2022-12-23,178.97604370117188,-1.6990297771457552,256800,45961048.02246094,3.4205775,1.0134666,25871923200.0,2.1590000000000003,1.979,-3.155,522.0,-15.52,,,
2022-12-26,177.42933654785156,-0.8641978676781847,244400,43363729.85229492,3.4205775,1.0134666,25871923200.0,2.1590000000000003,1.979,-3.155,522.0,-15.52,,,
2022-12-27,180.96466064453125,1.9925251175846093,286000,51755892.94433594,3.4205775,1.0134666,25871923200.0,2.1590000000000003,1.979,-3.155,522.0,-15.52,,,
2022-12-28,178.97604370117188,-1.098897948514721,501600,89774383.52050781,3.4205775,1.0134666,25871923200.0,2.1590000000000003,1.979,-3.155,522.0,-15.52,,,
2022-12-29,184.4999847412109,3.08641364833282,190400,35128797.09472656,3.4205775,1.0134666,25871923200.0,2.1590000000000003,1.979,-3.155,522.0,-15.52,,,
2022-12-30,185.60476684570312,0.5987979381363084,112000,20787733.88671875,3.4205775,1.0134666,25871923200.0,2.1590000000000003,1.979,-3.155,522.0,-15.52,,,
2023-01-04,183.3951873779297,-1.1904756032533936,130400,23914732.43408203,3.4205775,1.0134666,25871923200.0,2.1590000000000003,1.979,-3.155,522.0,-15.52,,,
2023-01-05,184.0580902099609,0.3614614110157621,126800,23338565.838623047,3.4205775,1.0134666,25871923200.0,2.1590000000000003,1.979,-3.155,522.0,-15.52,,,
2023-01-06,187.1514892578125,1.6806645360292638,160800,30093959.47265625,3.4205775,1.0134666,25871923200.0,2.1590000000000003,1.979,-3.155,522.0,-15.52,,,
2023-01-10,190.68679809570312,1.889009193520508,169200,32264206.23779297,3.4205775,1.0134666,25871923200.0,2.1590000000000003,1.979,-3.155,522.0,-15.52,,,
2023-01-11,192.8963928222656,1.1587560065136504,158000,30477630.06591797,3.4205775,1.0134666,25871923200.0,2.1590000000000003,1.979,-3.155,522.0,-15.52,,,
2023-01-12,195.98980712890625,1.6036662279584002,133200,26105842.309570312,3.4205775,1.0134666,25871923200.0,2.1590000000000003,1.979,-3.155,522.0,-15.52,,,
2023-01-13,198.4203491210937,1.2401369376259908,171200,33969563.76953125,3.4205775,1.0134666,25871923200.0,2.1590000000000003,1.979,-3.155,522.0,-15.52,,,
2023-01-16,193.3383178710937,-2.5612449894937384,204000,39441016.845703125,3.4205775,1.0134666,25871923200.0,2.1590000000000003,1.979,-3.155,522.0,-15.52,,,
2023-01-17,193.7802276611328,0.2285681363658698,59200,11471789.477539062,3.4205775,1.0134666,25871923200.0,2.1590000000000003,1.979,-3.155,522.0,-15.52,,,
2023-01-18,195.76885986328125,1.026230707926512,57600,11276286.328125,3.4205775,1.0134666,25871923200.0,2.1590000000000003,1.979,-3.155,522.0,-15.52,,,
2023-01-19,195.3269195556641,-0.2257459679367968,85200,16641853.546142578,3.4205775,1.0134666,25871923200.0,2.1590000000000003,1.979,-3.155,522.0,-15.52,,,
2023-01-20,195.76885986328125,0.226256733389607,44800,8770444.921875,3.4205775,1.0134666,25871923200.0,2.1590000000000003,1.979,-3.155,522.0,-15.52,,,
2023-01-23,196.6526794433593,0.4514607587209562,60800,11956482.91015625,3.4205775,1.0134666,25871923200.0,2.1590000000000003,1.979,-3.155,522.0,-15.52,,,
2023-01-24,196.6526794433593,0.0,74800,14709620.42236328,3.4205775,1.0134666,25871923200.0,2.1590000000000003,1.979,-3.155,522.0,-15.52,,,
2023-01-25,197.9784393310547,0.6741631446100627,108000,21381671.447753903,3.4205775,1.0134666,25871923200.0,2.1590000000000003,1.979,-3.155,522.0,-15.52,,,
2023-01-26,198.64129638671875,0.3348127492588393,80000,15891303.7109375,3.4205775,1.0134666,25871923200.0,2.1590000000000003,1.979,-3.155,522.0,-15.52,,,
2023-01-27,199.08322143554688,0.2224739049063506,79600,15847024.426269531,3.4205775,1.0134666,25871923200.0,2.1590000000000003,1.979,-3.155,522.0,-15.52,,,
2023-01-30,198.86227416992188,-0.1109823640745744,84400,16783975.939941406,3.4205775,1.0134666,25871923200.0,2.1590000000000003,1.979,-3.155,522.0,-15.52,,,
2023-01-31,197.9784393310547,-0.4444457062338425,83600,16550997.528076172,3.4205775,1.0134666,25871923200.0,2.1590000000000003,1.979,-3.155,522.0,-15.52,,,
2023-02-01,197.53651428222656,-0.223218775903744,68400,13511497.576904297,3.4205775,1.0134666,25871923200.0,2.1590000000000003,1.979,-3.155,522.0,-15.52,,,
2023-02-02,192.67544555664065,-2.4608456533969147,159600,30751001.110839844,3.4205775,1.0134666,25871923200.0,2.1590000000000003,1.979,-3.155,522.0,-15.52,,,
2023-02-03,192.4544982910156,-0.1146732864619526,80400,15473341.662597656,3.4205775,1.0134666,25871923200.0,2.1590000000000003,1.979,-3.155,522.0,-15.52,,,
2023-02-06,192.4544982910156,0.0,86800,16705050.451660156,3.4205775,1.0134666,25871923200.0,2.1590000000000003,1.979,-3.155,522.0,-15.52,,,
2023-02-07,194.66407775878903,1.148104870187172,81200,15806723.114013672,3.4205775,1.0134666,25871923200.0,2.1590000000000003,1.979,-3.155,522.0,-15.52,,,
2023-02-08,195.10597229003903,0.2270036343313242,60000,11706358.337402344,3.4205775,1.0134666,25871923200.0,2.1590000000000003,1.979,-3.155,522.0,-15.52,,,
2023-02-09,198.64129638671875,1.812001988039702,102800,20420325.268554688,3.4205775,1.0134666,25871923200.0,2.1590000000000003,1.979,-3.155,522.0,-15.52,,,
2023-02-10,199.08322143554688,0.2224739049063506,156400,31136615.83251953,3.4205775,1.0134666,25871923200.0,2.1590000000000003,1.979,-3.155,522.0,-15.52,,,
2023-02-13,198.64129638671875,-0.2219800572049735,75200,14937825.48828125,3.4205775,1.0134666,25871923200.0,2.1590000000000003,1.979,-3.155,522.0,-15.52,,,
2023-02-14,195.3269195556641,-1.6685235604796844,253600,49534906.799316406,3.4205775,1.0134666,25871923200.0,2.1590000000000003,1.979,-3.155,522.0,-15.52,,,
2023-02-15,188.0353240966797,-3.733021273038828,710400,133580294.23828124,3.4205775,1.0134666,25871923200.0,2.1590000000000003,1.979,-3.155,522.0,-15.52,,,
2023-02-16,193.3383178710937,2.820211468185363,230800,44622483.76464844,3.4205775,1.0134666,25871923200.0,2.1590000000000003,1.979,-3.155,522.0,-15.52,,,
2023-02-17,195.98980712890625,1.3714246027423993,162800,31907140.600585938,3.4205775,1.0134666,25871923200.0,2.1590000000000003,1.979,-3.155,522.0,-15.52,,,
2023-02-20,197.3155517578125,0.6764354985227872,200000,39463110.3515625,3.4205775,1.0134666,25871923200.0,2.1590000000000003,1.979,-3.155,522.0,-15.52,,,
2023-02-21,197.53651428222656,0.1119843430715805,114800,22677191.83959961,3.4205775,1.0134666,25871923200.0,2.1590000000000003,1.979,-3.155,522.0,-15.52,,,
2023-02-22,197.0946044921875,-0.2237104322938998,88400,17423163.037109375,3.4205775,1.0134666,25871923200.0,2.1590000000000003,1.979,-3.155,522.0,-15.52,,,
2023-02-24,198.86227416992188,0.8968635555949289,95600,19011233.41064453,3.4205775,1.0134666,25871923200.0,2.1590000000000003,1.979,-3.155,522.0,-15.52,,,
2023-02-27,204.3862152099609,2.7777722361351564,226800,46354793.60961914,3.4205775,1.0134666,25871923200.0,2.1590000000000003,1.979,-3.155,522.0,-15.52,,,
2023-02-28,205.7119598388672,0.6486467923212613,161600,33243052.709960938,3.4205775,1.0134666,25871923200.0,2.1590000000000003,1.979,-3.155,522.0,-15.52,,,
2023-03-01,206.1538848876953,0.214827105421711,73200,15090464.373779297,3.4205775,1.0134666,25871923200.0,2.1590000000000003,1.979,-3.155,522.0,-15.52,,,
2023-03-02,205.27005004882807,-0.4287257741219186,105600,21676517.28515625,3.4205775,1.0134666,25871923200.0,2.1590000000000003,1.979,-3.155,522.0,-15.52,,,
2023-03-03,207.0377197265625,0.8611434923477157,196800,40745023.2421875,3.4205775,1.0134666,25871923200.0,2.1590000000000003,1.979,-3.155,522.0,-15.52,,,
2023-03-06,207.92153930664065,0.426888192762842,139200,28942678.27148437,3.4205775,1.0134666,25871923200.0,2.1590000000000003,1.979,-3.155,522.0,-15.52,,,
2023-03-07,209.24728393554688,0.6376177443314646,139200,29127221.923828125,3.4205775,1.0134666,25871923200.0,2.1590000000000003,1.979,-3.155,522.0,-15.52,,,
2023-03-08,210.57302856445312,0.6335779389684326,184800,38913895.67871094,3.4205775,1.0134666,25871923200.0,2.1590000000000003,1.979,-3.155,522.0,-15.52,,,
2023-03-09,211.67784118652344,0.5246695788165168,125200,26502065.71655273,3.4205775,1.0134666,25871923200.0,2.1590000000000003,1.979,-3.155,522.0,-15.52,,,
2023-03-10,209.46826171875,-1.0438407040567088,227600,47674976.3671875,3.4205775,1.0134666,25871923200.0,2.1590000000000003,1.979,-3.155,522.0,-15.52,,,
2023-03-13,205.7119598388672,-1.7932558608455662,264800,54472526.96533203,3.4205775,1.0134666,25871923200.0,2.1590000000000003,1.979,-3.155,522.0,-15.52,,,
2023-03-14,200.40896606445312,-2.577873342205217,207600,41604901.35498047,3.4205775,1.0134666,25871923200.0,2.1590000000000003,1.979,-3.155,522.0,-15.52,,,
2023-03-15,205.049072265625,2.315318666770416,89200,18290377.24609375,3.4205775,1.0134666,25871923200.0,2.1590000000000003,1.979,-3.155,522.0,-15.52,,,
2023-03-16,199.74610900878903,-2.586192270095411,180000,35954299.62158203,3.4205775,1.0134666,25871923200.0,2.1590000000000003,1.979,-3.155,522.0,-15.52,,,
2023-03-17,201.07183837890625,0.6637072314929826,86400,17372606.8359375,3.4205775,1.0134666,25871923200.0,2.1590000000000003,1.979,-3.155,522.0,-15.52,,,
2023-03-20,197.3155517578125,-1.8681316346326304,212800,41988749.4140625,3.4205775,1.0134666,25871923200.0,2.1590000000000003,1.979,-3.155,522.0,-15.52,,,
2023-03-22,199.08322143554688,0.8958592781901142,70000,13935825.50048828,3.4205775,1.0134666,25871923200.0,2.1590000000000003,1.979,-3.155,522.0,-15.52,,,
2023-03-23,204.165267944336,2.552724670689721,132800,27113147.58300781,3.4205775,1.0134666,25871923200.0,2.1590000000000003,1.979,-3.155,522.0,-15.52,,,
2023-03-24,203.7233428955078,-0.216454568045632,145600,29662118.725585938,3.4205775,1.0134666,25871923200.0,2.1590000000000003,1.979,-3.155,522.0,-15.52,,,
2023-03-27,205.27005004882807,0.7592194057573609,129600,26602998.486328125,3.4205775,1.0134666,25871923200.0,2.1590000000000003,1.979,-3.155,522.0,-15.52,,,
2023-03-28,202.83950805664065,-1.1840704435982508,186800,37890420.10498047,3.4205775,1.0134666,25871923200.0,2.1590000000000003,1.979,-3.155,522.0,-15.52,,,
2023-03-29,205.049072265625,1.089316489747838,202800,41583951.85546875,3.4205775,1.0134666,25871923200.0,2.1590000000000003,1.979,-3.155,522.0,-15.52,,,
2023-03-30,207.1041412353516,1.0022327567833944,202800,42000719.8425293,3.4205775,1.0134666,25871923200.0,2.1590000000000003,1.979,-3.155,522.0,-15.52,,,
2023-03-31,209.84423828125,1.3230527547899662,123200,25852810.15625,3.4205775,1.0134666,25871923200.0,2.1590000000000003,1.979,-3.155,522.0,-15.52,,,
2023-04-03,206.64747619628903,-1.5233975977345549,304800,62986150.744628906,3.4205775,1.0134666,25871923200.0,2.1590000000000003,1.979,-3.155,522.0,-15.52,,,
2023-04-04,205.2774353027344,-0.6629845758451602,114000,23401627.62451172,3.4205775,1.0134666,25871923200.0,2.1590000000000003,1.979,-3.155,522.0,-15.52,,,
2023-04-05,204.1357421875,-0.5561707810459837,150000,30620361.328125,3.4205775,1.0134666,25871923200.0,2.1590000000000003,1.979,-3.155,522.0,-15.52,,,
2023-04-06,200.93899536132807,-1.5659907431769815,160000,32150239.2578125,3.4205775,1.0134666,25871923200.0,2.1590000000000003,1.979,-3.155,522.0,-15.52,,,
2023-04-07,206.87579345703125,2.954527609251545,113200,23418339.819335938,3.4205775,1.0134666,25871923200.0,2.1590000000000003,1.979,-3.155,522.0,-15.52,,,
2023-04-10,204.5924224853516,-1.1037400430098931,94800,19395361.651611328,3.4205775,1.0134666,25871923200.0,2.1590000000000003,1.979,-3.155,522.0,-15.52,,,
2023-04-11,206.87579345703125,1.1160584267695397,128400,26562851.87988281,3.4205775,1.0134666,25871923200.0,2.1590000000000003,1.979,-3.155,522.0,-15.52,,,
2023-04-12,209.84423828125,1.434892296780621,132800,27867314.84375,3.4205775,1.0134666,25871923200.0,2.1590000000000003,1.979,-3.155,522.0,-15.52,,,
2023-04-13,209.38755798339844,-0.2176282282477903,25200,5276566.461181641,3.4205775,1.0134666,25871923200.0,2.1590000000000003,1.979,-3.155,522.0,-15.52,,,
2023-04-14,207.56085205078125,-0.8724042393970843,89600,18597452.34375,3.4205775,1.0134666,25871923200.0,2.1590000000000003,1.979,-3.155,522.0,-15.52,,,
2023-04-17,207.78916931152344,0.1100001558513197,51600,10721921.13647461,3.4205775,1.0134666,25871923200.0,2.1590000000000003,1.979,-3.155,522.0,-15.52,,,
2023-04-18,208.0175170898437,0.1098939752619987,59200,12314637.01171875,3.4205775,1.0134666,25871923200.0,2.1590000000000003,1.979,-3.155,522.0,-15.52,,,
2023-04-19,206.87579345703125,-0.5488593695305855,43600,9019784.594726562,3.4205775,1.0134666,25871923200.0,2.1590000000000003,1.979,-3.155,522.0,-15.52,,,
2023-04-20,207.1041412353516,0.1103791673759735,44000,9112582.214355469,3.4205775,1.0134666,25871923200.0,2.1590000000000003,1.979,-3.155,522.0,-15.52,,,
2023-04-21,207.33248901367188,0.1102574661029143,52000,10781289.428710938,3.4205775,1.0134666,25871923200.0,2.1590000000000003,1.979,-3.155,522.0,-15.52,,,
2023-04-24,207.56085205078125,0.1101433924783013,41200,8551507.104492188,3.4205775,1.0134666,25871923200.0,2.1590000000000003,1.979,-3.155,522.0,-15.52,,,
2023-04-25,207.78916931152344,0.1100001558513197,113600,23604849.633789062,3.4205775,1.0134666,25871923200.0,2.1590000000000003,1.979,-3.155,522.0,-15.52,,,
2023-04-26,207.56085205078125,-0.1098792884627664,33600,6974044.62890625,3.4205775,1.0134666,25871923200.0,2.1590000000000003,1.979,-3.155,522.0,-15.52,,,
2023-04-27,208.70252990722656,0.5500448881208042,62000,12939556.854248049,3.4205775,1.0134666,25871923200.0,2.1590000000000003,1.979,-3.155,522.0,-15.52,,,
2023-04-28,209.61587524414065,0.4376302181483327,58800,12325413.464355469,3.4205775,1.0134666,25871923200.0,2.1590000000000003,1.979,-3.155,522.0,-15.52,,,
2023-05-01,209.38755798339844,-0.1089217410066178,84000,17588554.87060547,3.4205775,1.0134666,25871923200.0,2.1590000000000003,1.979,-3.155,522.0,-15.52,,,
2023-05-02,211.2142791748047,0.8724115267398469,86400,18248913.720703125,3.4205775,1.0134666,25871923200.0,2.1590000000000003,1.979,-3.155,522.0,-15.52,,,
2023-05-08,213.4976501464844,1.0810684678141058,107200,22886948.095703125,3.4205775,1.0134666,25871923200.0,2.1590000000000003,1.979,-3.155,522.0,-15.52,,,
2023-05-09,215.5527191162109,0.9625721727225311,95200,20520618.85986328,3.4205775,1.0134666,25871923200.0,2.1590000000000003,1.979,-3.155,522.0,-15.52,,,
2023-05-10,216.4660797119141,0.423729563444164,105600,22858818.017578125,3.4205775,1.0134666,25871923200.0,2.1590000000000003,1.979,-3.155,522.0,-15.52,,,
2023-05-11,215.78106689453125,-0.3164527293580854,74800,16140423.803710938,3.4205775,1.0134666,25871923200.0,2.1590000000000003,1.979,-3.155,522.0,-15.52,,,
2023-05-12,215.3243865966797,-0.2116405783065156,140400,30231543.878173828,3.4205775,1.0134666,25871923200.0,2.1590000000000003,1.979,-3.155,522.0,-15.52,,,
2023-05-15,218.52114868164065,1.4846261194505272,296000,64682260.009765625,3.4205775,1.0134666,25871923200.0,2.1590000000000003,1.979,-3.155,522.0,-15.52,,,
2023-05-16,225.59967041015625,3.239284513751195,758800,171185029.90722656,3.4205775,1.0134666,25871923200.0,2.1590000000000003,1.979,-3.155,522.0,-15.52,,,
2023-05-17,226.05636596679688,0.2024362694370562,232000,52445076.90429688,3.4205775,1.0134666,25871923200.0,2.1590000000000003,1.979,-3.155,522.0,-15.52,,,
2023-05-18,227.19805908203125,0.5050479823258236,357600,81246025.92773438,3.4205775,1.0134666,25871923200.0,2.1590000000000003,1.979,-3.155,522.0,-15.52,,,
2023-05-19,228.1114196777344,0.4020107387331828,204800,46717218.75,3.4205775,1.0134666,25871923200.0,2.1590000000000003,1.979,-3.155,522.0,-15.52,,,
2023-05-22,230.39480590820312,1.0009960192675305,161200,37139642.71240234,3.4205775,1.0134666,25871923200.0,2.1590000000000003,1.979,-3.155,522.0,-15.52,,,
2023-05-23,229.4814453125,-0.3964328067652012,281200,64530182.421875,3.4205775,1.0134666,25871923200.0,2.1590000000000003,1.979,-3.155,522.0,-15.52,,,
2023-05-24,228.56808471679688,-0.3980106515624082,148800,34010931.005859375,3.4205775,1.0134666,25871923200.0,2.1590000000000003,1.979,-3.155,522.0,-15.52,,,
2023-05-25,229.70977783203125,0.4994980452537767,55600,12771863.647460938,3.4205775,1.0134666,25871923200.0,2.1590000000000003,1.979,-3.155,522.0,-15.52,,,
2023-05-26,233.5915679931641,1.6898671870952064,294000,68675920.98999023,3.4205775,1.0134666,25871923200.0,2.1590000000000003,1.979,-3.155,522.0,-15.52,,,
2023-05-29,236.5599822998047,1.2707711721544168,190800,45135644.622802734,3.4205775,1.0134666,25871923200.0,2.1590000000000003,1.979,-3.155,522.0,-15.52,,,
2023-05-30,237.47332763671875,0.3860946082404393,193200,45879846.89941406,3.4205775,1.0134666,25871923200.0,2.1590000000000003,1.979,-3.155,522.0,-15.52,,,
2023-05-31,233.3632202148437,-1.7307659191783231,114800,26790097.680664062,3.4205775,1.0134666,25871923200.0,2.1590000000000003,1.979,-3.155,522.0,-15.52,,,
2023-06-01,234.50491333007807,0.4892343850000369,92000,21574452.026367188,3.4205775,1.0134666,25871923200.0,2.1590000000000003,1.979,-3.155,522.0,-15.52,,,
2023-06-02,238.6150360107422,1.7526808382384962,163600,39037419.89135742,3.4205775,1.0134666,25871923200.0,2.1590000000000003,1.979,-3.155,522.0,-15.52,,,
2023-06-05,242.72515869140625,1.7224910673604876,404000,98060964.11132812,3.4205775,1.0134666,25871923200.0,2.1590000000000003,1.979,-3.155,522.0,-15.52,,,
2023-06-06,244.09518432617188,0.5644349527472947,239600,58485206.16455078,3.4205775,1.0134666,25871923200.0,2.1590000000000003,1.979,-3.155,522.0,-15.52,,,
2023-06-07,242.49679565429688,-0.6548218787221782,363200,88074836.18164062,3.4205775,1.0134666,25871923200.0,2.1590000000000003,1.979,-3.155,522.0,-15.52,,,
2023-06-08,241.81179809570312,-0.2824769526316828,220400,53295320.30029297,3.4205775,1.0134666,25871923200.0,2.1590000000000003,1.979,-3.155,522.0,-15.52,,,
2023-06-09,243.1818389892578,0.5665732211347585,102000,24804547.576904297,3.4205775,1.0134666,25871923200.0,2.1590000000000003,1.979,-3.155,522.0,-15.52,,,
2023-06-12,250.0319976806641,2.816887445163552,285600,71409138.53759766,3.4205775,1.0134666,25871923200.0,2.1590000000000003,1.979,-3.155,522.0,-15.52,,,
2023-06-13,254.8271484375,1.9178148402270607,268000,68293675.78125,3.4205775,1.0134666,25871923200.0,2.1590000000000003,1.979,-3.155,522.0,-15.52,,,
2023-06-14,255.2838592529297,0.1792237672595176,123600,31553085.00366211,3.4205775,1.0134666,25871923200.0,2.1590000000000003,1.979,-3.155,522.0,-15.52,,,
2023-06-15,255.7405548095703,0.1788971531443861,172000,43987375.427246094,3.4205775,1.0134666,25871923200.0,2.1590000000000003,1.979,-3.155,522.0,-15.52,,,
2023-06-16,261.220703125,2.142854628398805,232400,60707691.40625,3.4205775,1.0134666,25871923200.0,2.1590000000000003,1.979,-3.155,522.0,-15.52,,,
2023-06-19,263.5040283203125,0.8740980971251311,235600,62081549.072265625,3.4205775,1.0134666,25871923200.0,2.1590000000000003,1.979,-3.155,522.0,-15.52,,,
2023-06-20,261.220703125,-0.8665238288262156,127200,33227273.4375,3.4205775,1.0134666,25871923200.0,2.1590000000000003,1.979,-3.155,522.0,-15.52,,,
2023-06-21,267.1575012207031,2.27271346592397,224000,59843280.2734375,3.4205775,1.0134666,25871923200.0,2.1590000000000003,1.979,-3.155,522.0,-15.52,,,
2023-06-22,271.2676086425781,1.538458550890387,210800,57183211.90185547,3.4205775,1.0134666,25871923200.0,2.1590000000000003,1.979,-3.155,522.0,-15.52,,,
2023-06-23,267.3858337402344,-1.4309761942342236,425200,113692456.50634766,3.4205775,1.0134666,25871923200.0,2.1590000000000003,1.979,-3.155,522.0,-15.52,,,
2023-06-26,264.1890869140625,-1.1955557934596903,213600,56430788.96484375,3.4205775,1.0134666,25871923200.0,2.1590000000000003,1.979,-3.155,522.0,-15.52,,,
2023-06-27,266.244140625,0.7778722940232408,89200,23748977.34375,3.4205775,1.0134666,25871923200.0,2.1590000000000003,1.979,-3.155,522.0,-15.52,,,
2023-06-28,268.52752685546875,0.8576287256908621,170800,45864501.58691406,3.4205775,1.0134666,25871923200.0,2.1590000000000003,1.979,-3.155,522.0,-15.52,,,
2023-06-29,269.4408874511719,0.3401366729135047,102000,27482970.52001953,3.4205775,1.0134666,25871923200.0,2.1590000000000003,1.979,-3.155,522.0,-15.52,,,
2023-06-30,270.5826110839844,0.4237380761371589,253200,68511517.12646484,3.4205775,1.0134666,25871923200.0,2.1590000000000003,1.979,-3.155,522.0,-15.52,,,
2023-07-03,270.8109741210937,0.084396789651242,126400,34230507.12890625,3.4205775,1.0134666,25871923200.0,2.1590000000000003,1.979,-3.155,522.0,-15.52,,,
2023-07-04,282.9129333496094,4.468784645006374,237600,67220112.96386719,3.4205775,1.0134666,25871923200.0,2.1590000000000003,1.979,-3.155,522.0,-15.52,,,
2023-07-05,283.8263244628906,0.3228523710340658,128400,36443300.06103516,3.4205775,1.0134666,25871923200.0,2.1590000000000003,1.979,-3.155,522.0,-15.52,,,
2023-07-06,275.8344116210937,-2.8157757589683308,156000,43030168.21289063,3.4205775,1.0134666,25871923200.0,2.1590000000000003,1.979,-3.155,522.0,-15.52,,,
2023-07-07,269.4408874511719,-2.317884897807632,365200,98399812.09716795,3.4205775,1.0134666,25871923200.0,2.1590000000000003,1.979,-3.155,522.0,-15.52,,,
2023-07-10,280.1728820800781,3.983060897114621,243600,68250114.07470703,3.4205775,1.0134666,25871923200.0,2.1590000000000003,1.979,-3.155,522.0,-15.52,,,
2023-07-11,279.7161865234375,-0.163004910842901,118000,33006510.009765625,3.4205775,1.0134666,25871923200.0,2.1590000000000003,1.979,-3.155,522.0,-15.52,,,
2023-07-12,278.5744934082031,-0.4081612613929697,104800,29194606.909179688,3.4205775,1.0134666,25871923200.0,2.1590000000000003,1.979,-3.155,522.0,-15.52,,,
2023-07-13,278.5744934082031,0.0,89200,24848844.81201172,3.4205775,1.0134666,25871923200.0,2.1590000000000003,1.979,-3.155,522.0,-15.52,,,
2023-07-14,274.236083984375,-1.5573606078396196,185200,50788522.75390625,3.4205775,1.0134666,25871923200.0,2.1590000000000003,1.979,-3.155,522.0,-15.52,,,
2023-07-18,275.3777160644531,0.4162953552615533,86400,23792634.66796875,3.4205775,1.0134666,25871923200.0,2.1590000000000003,1.979,-3.155,522.0,-15.52,,,
2023-07-19,278.5744934082031,1.160870018618998,80400,22397389.27001953,3.4205775,1.0134666,25871923200.0,2.1590000000000003,1.979,-3.155,522.0,-15.52,,,
2023-07-20,284.5113220214844,2.131145798973733,375600,106862452.55126952,3.4205775,1.0134666,25871923200.0,2.1590000000000003,1.979,-3.155,522.0,-15.52,,,
2023-07-21,280.40118408203125,-1.444630712848316,202800,56865360.13183594,3.4205775,1.0134666,25871923200.0,2.1590000000000003,1.979,-3.155,522.0,-15.52,,,
2023-07-24,291.58984375,3.990232674871841,254800,74297092.1875,3.4205775,1.0134666,25871923200.0,2.1590000000000003,1.979,-3.155,522.0,-15.52,,,
2023-07-25,290.4481201171875,-0.3915512344769389,126800,36828821.630859375,3.4205775,1.0134666,25871923200.0,2.1590000000000003,1.979,-3.155,522.0,-15.52,,,
2023-07-26,291.8182067871094,0.4717147659172527,83600,24396002.087402344,3.4205775,1.0134666,25871923200.0,2.1590000000000003,1.979,-3.155,522.0,-15.52,,,
2023-07-27,294.5582580566406,0.9389582986267132,82400,24271600.463867188,3.4205775,1.0134666,25871923200.0,2.1590000000000003,1.979,-3.155,522.0,-15.52,,,
2023-07-28,291.58984375,-1.0077511750051893,246800,71964373.4375,3.4205775,1.0134666,25871923200.0,2.1590000000000003,1.979,-3.155,522.0,-15.52,,,
2023-07-31,303.6918334960937,4.150346798933646,301600,91593456.98242188,3.4205775,1.0134666,25871923200.0,2.1590000000000003,1.979,-3.155,522.0,-15.52,,,
2023-08-01,307.5736389160156,1.2782054015857414,257600,79230969.38476562,3.4205775,1.0134666,25871923200.0,2.1590000000000003,1.979,-3.155,522.0,-15.52,,,
2023-08-02,302.3218078613281,-1.7075036317145242,204000,61673648.80371094,3.4205775,1.0134666,25871923200.0,2.1590000000000003,1.979,-3.155,522.0,-15.52,,,
2023-08-03,309.8570556640625,2.492459229468058,338400,104855627.63671876,3.4205775,1.0134666,25871923200.0,2.1590000000000003,1.979,-3.155,522.0,-15.52,,,
2023-08-04,306.20361328125,-1.179073484379023,212000,64915166.015625,3.4205775,1.0134666,25871923200.0,2.1590000000000003,1.979,-3.155,522.0,-15.52,,,
2023-08-07,318.0772705078125,3.877699906714183,362400,115271202.83203124,3.4205775,1.0134666,25871923200.0,2.1590000000000003,1.979,-3.155,522.0,-15.52,,,
2023-08-08,328.5809020996094,3.302226397701346,369200,121312069.05517578,3.4205775,1.0134666,25871923200.0,2.1590000000000003,1.979,-3.155,522.0,-15.52,,,
2023-08-09,323.10076904296875,-1.6678184951173236,353600,114248431.93359376,3.4205775,1.0134666,25871923200.0,2.1590000000000003,1.979,-3.155,522.0,-15.52,,,
2023-08-10,310.7703857421875,-3.816265537622865,645200,200509052.8808593,3.4205775,1.0134666,25871923200.0,2.1590000000000003,1.979,-3.155,522.0,-15.52,,,
2023-08-14,301.408447265625,-3.012493759405077,894400,269579715.234375,3.4205775,1.0134666,25871923200.0,2.1590000000000003,1.979,-3.155,522.0,-15.52,,,
2023-08-15,317.84893798828125,5.454555395445704,421200,133877972.68066406,3.4205775,1.0134666,25871923200.0,2.1590000000000003,1.979,-3.155,522.0,-15.52,,,
2023-08-16,320.13232421875,0.718387245501173,200800,64282570.703125,3.4205775,1.0134666,25871923200.0,2.1590000000000003,1.979,-3.155,522.0,-15.52,,,
2023-08-17,315.7938842773437,-1.3552020877597326,255200,80590599.26757812,3.4205775,1.0134666,25871923200.0,2.1590000000000003,1.979,-3.155,522.0,-15.52,,,
2023-08-18,308.2586364746094,-2.386128477433269,309200,95313570.39794922,3.4205775,1.0134666,25871923200.0,2.1590000000000003,1.979,-3.155,522.0,-15.52,,,
2023-08-21,310.5420227050781,0.740737147410564,131600,40867330.18798828,3.4205775,1.0134666,25871923200.0,2.1590000000000003,1.979,-3.155,522.0,-15.52,,,
2023-08-22,306.8886108398437,-1.176462957705415,178000,54626172.72949219,3.4205775,1.0134666,25871923200.0,2.1590000000000003,1.979,-3.155,522.0,-15.52,,,
2023-08-23,313.2821655273437,2.083347006590808,185200,58019857.05566406,3.4205775,1.0134666,25871923200.0,2.1590000000000003,1.979,-3.155,522.0,-15.52,,,
2023-08-24,313.9671630859375,0.218651948297377,87600,27503523.486328125,3.4205775,1.0134666,25871923200.0,2.1590000000000003,1.979,-3.155,522.0,-15.52,,,
2023-08-25,313.0538024902344,-0.2909095928140481,91200,28550506.78710937,3.4205775,1.0134666,25871923200.0,2.1590000000000003,1.979,-3.155,522.0,-15.52,,,
2023-08-28,322.4157409667969,2.9905206076692004,99200,31983641.50390625,3.4205775,1.0134666,25871923200.0,2.1590000000000003,1.979,-3.155,522.0,-15.52,,,
2023-08-29,336.8011474609375,4.461756876697298,348400,117341519.77539062,3.4205775,1.0134666,25871923200.0,2.1590000000000003,1.979,-3.155,522.0,-15.52,,,
2023-08-30,333.1476745605469,-1.084756666636466,216400,72093156.77490234,3.4205775,1.0134666,25871923200.0,2.1590000000000003,1.979,-3.155,522.0,-15.52,,,
2023-08-31,335.4310913085937,0.6854067797588348,140000,46960352.783203125,3.4205775,1.0134666,25871923200.0,2.1590000000000003,1.979,-3.155,522.0,-15.52,,,
2023-09-01,334.5177307128906,-0.272294554491026,102800,34388422.71728516,3.4205775,1.0134666,25871923200.0,2.1590000000000003,1.979,-3.155,522.0,-15.52,,,
2023-09-04,346.6197204589844,3.617742390008205,329200,114107211.97509766,3.4205775,1.0134666,25871923200.0,2.1590000000000003,1.979,-3.155,522.0,-15.52,,,
2023-09-05,347.076416015625,0.131756945633632,346800,120366101.07421876,3.4205775,1.0134666,25871923200.0,2.1590000000000003,1.979,-3.155,522.0,-15.52,,,
2023-09-06,351.1865234375,1.1842082124329467,212000,74451542.96875,3.4205775,1.0134666,25871923200.0,2.1590000000000003,1.979,-3.155,522.0,-15.52,,,
2023-09-07,346.3913879394531,-1.365409882791313,325200,112646479.35791016,3.4205775,1.0134666,25871923200.0,2.1590000000000003,1.979,-3.155,522.0,-15.52,,,
2023-09-08,350.50152587890625,1.1865589280099398,210000,73605320.43457031,3.4205775,1.0134666,25871923200.0,2.1590000000000003,1.979,-3.155,522.0,-15.52,,,
2023-09-11,351.6431884765625,0.3257225756131632,336400,118292768.60351562,3.4205775,1.0134666,25871923200.0,2.1590000000000003,1.979,-3.155,522.0,-15.52,,,
2023-09-12,348.4464416503906,-0.9090882266257648,155600,54218266.32080078,3.4205775,1.0134666,25871923200.0,2.1590000000000003,1.979,-3.155,522.0,-15.52,,,
2023-09-13,342.5096130371094,-1.7037994663288591,198000,67816903.38134766,3.4205775,1.0134666,25871923200.0,2.1590000000000003,1.979,-3.155,522.0,-15.52,,,
2023-09-14,347.76141357421875,1.5333293832370032,139200,48408388.76953125,3.4205775,1.0134666,25871923200.0,2.1590000000000003,1.979,-3.155,522.0,-15.52,,,
2023-09-15,357.5800476074219,2.823382252875395,243200,86963467.578125,3.4205775,1.0134666,25871923200.0,2.1590000000000003,1.979,-3.155,522.0,-15.52,,,
2023-09-19,372.19378662109375,4.086844081892371,292800,108978340.72265624,3.4205775,1.0134666,25871923200.0,2.1590000000000003,1.979,-3.155,522.0,-15.52,,,
2023-09-20,371.2804565429688,-0.2453910062326758,257600,95641845.60546876,3.4205775,1.0134666,25871923200.0,2.1590000000000003,1.979,-3.155,522.0,-15.52,,,
2023-09-21,381.327392578125,2.706023400397717,220000,83892026.3671875,3.4205775,1.0134666,25871923200.0,2.1590000000000003,1.979,-3.155,522.0,-15.52,,,
2023-09-22,380.4140625,-0.2395133672275839,273600,104081287.5,3.4205775,1.0134666,25871923200.0,2.1590000000000003,1.979,-3.155,522.0,-15.52,,,
2023-09-25,394.7994079589844,3.781496762881731,474000,187134919.3725586,3.4205775,1.0134666,25871923200.0,2.1590000000000003,1.979,-3.155,522.0,-15.52,,,
2023-09-26,429.507080078125,8.791216860878981,5480000,2353698798.828125,3.4205775,1.0134666,25871923200.0,2.1590000000000003,1.979,-3.155,522.0,-15.52,,,
2023-09-27,450.74267578125,4.944178265760457,2135200,962425761.328125,3.4205775,1.0134666,25871923200.0,2.1590000000000003,1.979,-3.155,522.0,-15.52,,,
2023-09-28,444.48236083984375,-1.388888888888884,1103200,490352940.4785156,3.4205775,1.0134666,25871923200.0,2.1590000000000003,1.979,-3.155,522.0,-15.52,,,
2023-09-29,415.7312927246094,-6.468438491216977,1772800,737008435.7421875,3.4205775,1.0134666,25871923200.0,2.1590000000000003,1.979,-3.155,522.0,-15.52,,,
2023-10-02,408.5435180664063,-1.72894722720921,879200,359191461.0839844,3.4205775,1.0134666,25871923200.0,2.1590000000000003,1.979,-3.155,522.0,-15.52,,,
2023-10-03,395.5591735839844,-3.178203522570966,780000,308536155.3955078,3.4205775,1.0134666,25871923200.0,2.1590000000000003,1.979,-3.155,522.0,-15.52,,,
2023-10-04,377.241943359375,-4.630718094247488,1131600,426886983.1054688,3.4205775,1.0134666,25871923200.0,2.1590000000000003,1.979,-3.155,522.0,-15.52,,,
2023-10-05,388.3713684082031,2.950208810218591,380000,147581119.9951172,3.4205775,1.0134666,25871923200.0,2.1590000000000003,1.979,-3.155,522.0,-15.52,,,
2023-10-06,403.9062805175781,4.000014772728244,609600,246221268.6035156,3.4205775,1.0134666,25871923200.0,2.1590000000000003,1.979,-3.155,522.0,-15.52,,,
2023-10-10,414.1082153320313,2.525817326083679,578800,239685835.0341797,3.4205775,1.0134666,25871923200.0,2.1590000000000003,1.979,-3.155,522.0,-15.52,,,
2023-10-11,395.791015625,-4.423288171751083,763600,302226019.53125,3.4205775,1.0134666,25871923200.0,2.1590000000000003,1.979,-3.155,522.0,-15.52,,,
2023-10-12,419.6729736328125,6.033981840163838,1105200,463822570.4589844,3.4205775,1.0134666,25871923200.0,2.1590000000000003,1.979,-3.155,522.0,-15.52,,,
2023-10-13,399.9645690917969,-4.6961338421232846,902800,361088012.9760742,3.4205775,1.0134666,25871923200.0,2.1590000000000003,1.979,-3.155,522.0,-15.52,,,
2023-10-16,386.9801940917969,-3.2463813055950808,434000,167949404.23583984,3.4205775,1.0134666,25871923200.0,2.1590000000000003,1.979,-3.155,522.0,-15.52,,,
2023-10-17,397.6459045410156,2.756138585916545,370800,147447101.4038086,3.4205775,1.0134666,25871923200.0,2.1590000000000003,1.979,-3.155,522.0,-15.52,,,
2023-10-18,395.3272705078125,-0.5830901328857885,299600,118440050.24414062,3.4205775,1.0134666,25871923200.0,2.1590000000000003,1.979,-3.155,522.0,-15.52,,,
2023-10-19,383.7340698242188,-2.932557794128865,410000,157330968.6279297,3.4205775,1.0134666,25871923200.0,2.1590000000000003,1.979,-3.155,522.0,-15.52,,,
2023-10-20,388.1394958496094,1.148041409877587,248800,96569106.5673828,3.4205775,1.0134666,25871923200.0,2.1590000000000003,1.979,-3.155,522.0,-15.52,,,
2023-10-23,371.9090881347656,-4.181591383612371,589600,219277598.3642578,3.4205775,1.0134666,25871923200.0,2.1590000000000003,1.979,-3.155,522.0,-15.52,,,
2023-10-24,377.9375305175781,1.6209451651334916,572800,216482617.48046875,3.4205775,1.0134666,25871923200.0,2.1590000000000003,1.979,-3.155,522.0,-15.52,,,
2023-10-25,380.9517517089844,0.7975448183932254,230400,87771283.59375,3.4205775,1.0134666,25871923200.0,2.1590000000000003,1.979,-3.155,522.0,-15.52,,,
2023-10-26,378.8649597167969,-0.547783802758739,216000,81834831.29882812,3.4205775,1.0134666,25871923200.0,2.1590000000000003,1.979,-3.155,522.0,-15.52,,,
2023-10-27,384.8934020996094,1.5911849930167143,151200,58195882.39746094,3.4205775,1.0134666,25871923200.0,2.1590000000000003,1.979,-3.155,522.0,-15.52,,,
2023-10-30,369.82232666015625,-3.915649205010996,278400,102958535.7421875,3.4205775,1.0134666,25871923200.0,2.1590000000000003,1.979,-3.155,522.0,-15.52,,,
2023-10-31,383.2703857421875,3.636356734727153,233600,89531962.109375,3.4205775,1.0134666,25871923200.0,2.1590000000000003,1.979,-3.155,522.0,-15.52,,,
2023-11-01,389.298828125,1.5728954302427267,206800,80506997.65625,3.4205775,1.0134666,25871923200.0,2.1590000000000003,1.979,-3.155,522.0,-15.52,,,
2023-11-02,397.4140319824219,2.0845693002744303,201600,80118668.84765625,3.4205775,1.0134666,25871923200.0,2.1590000000000003,1.979,-3.155,522.0,-15.52,,,
2023-11-06,411.3258666992188,3.500589711792612,317200,130472564.9169922,3.4205775,1.0134666,25871923200.0,2.1590000000000003,1.979,-3.155,522.0,-15.52,,,
2023-11-07,407.847900390625,-0.8455501076320648,148800,60687767.578125,3.4205775,1.0134666,25871923200.0,2.1590000000000003,1.979,-3.155,522.0,-15.52,,,
2023-11-08,389.7625427246094,-4.434338793627235,364400,142029470.56884766,3.4205775,1.0134666,25871923200.0,2.1590000000000003,1.979,-3.155,522.0,-15.52,,,
2023-11-09,405.2974243164063,3.9857297428329774,184400,74736845.04394531,3.4205775,1.0134666,25871923200.0,2.1590000000000003,1.979,-3.155,522.0,-15.52,,,
2023-11-10,401.8194580078125,-0.858126921102409,192800,77470791.50390625,3.4205775,1.0134666,25871923200.0,2.1590000000000003,1.979,-3.155,522.0,-15.52,,,
2023-11-13,400.8919982910156,-0.2308150335464498,338800,135822209.0209961,3.4205775,1.0134666,25871923200.0,2.1590000000000003,1.979,-3.155,522.0,-15.52,,,
2023-11-14,416.8905944824219,3.990749693086304,818800,341350018.76220703,3.4205775,1.0134666,25871923200.0,2.1590000000000003,1.979,-3.155,522.0,-15.52,,,
2023-11-15,509.6360473632813,22.24695258380793,1737200,885339741.4794922,3.4205775,1.0134666,25871923200.0,2.1590000000000003,1.979,-3.155,522.0,-15.52,,,
2023-11-16,554.1537475585938,8.73519454238667,2113200,1171037699.3408203,3.4205775,1.0134666,25871923200.0,2.1590000000000003,1.979,-3.155,522.0,-15.52,,,
2023-11-17,547.4296875,-1.2133925085263009,1345200,736402415.625,3.4205775,1.0134666,25871923200.0,2.1590000000000003,1.979,-3.155,522.0,-15.52,,,
2023-11-20,547.4296875,0.0,795600,435535059.375,3.4205775,1.0134666,25871923200.0,2.1590000000000003,1.979,-3.155,522.0,-15.52,,,
2023-11-21,548.1253662109375,0.1270809250617288,296000,162245108.3984375,3.4205775,1.0134666,25871923200.0,2.1590000000000003,1.979,-3.155,522.0,-15.52,,,
2023-11-22,546.7341918945312,-0.2538058630679907,729600,398897266.40625,3.4205775,1.0134666,25871923200.0,2.1590000000000003,1.979,-3.155,522.0,-15.52,,,
2023-11-24,552.9945068359375,1.1450381253298223,684000,378248242.6757813,3.4205775,1.0134666,25871923200.0,2.1590000000000003,1.979,-3.155,522.0,-15.52,,,
2023-11-27,600.2946166992188,8.553450220313707,3355600,2014348615.7958984,3.4205775,1.0134666,25871923200.0,2.1590000000000003,1.979,-3.155,522.0,-15.52,,,
2023-11-28,609.10546875,1.467754633421281,1280800,780142284.375,3.4205775,1.0134666,25871923200.0,2.1590000000000003,1.979,-3.155,522.0,-15.52,,,
2023-11-29,637.1609497070312,4.606013637442197,1825200,1162946165.4052734,3.4205775,1.0134666,25871923200.0,2.1590000000000003,1.979,-3.155,522.0,-15.52,,,
2023-11-30,664.05712890625,4.22125354850853,6030000,4004264487.304688,3.4205775,1.0134666,25871923200.0,2.1590000000000003,1.979,-3.155,522.0,-15.52,,,
2023-12-01,689.5620727539062,3.840775550390485,3742400,2580617101.0742188,3.4205775,1.0134666,25871923200.0,2.1590000000000003,1.979,-3.155,522.0,-15.52,,,
2023-12-04,721.0955810546875,4.572976030257259,2320400,1673230186.2792969,3.4205775,1.0134666,25871923200.0,2.1590000000000003,1.979,-3.155,522.0,-15.52,,,
2023-12-05,683.5336303710938,-5.209011353065696,2093200,1430772595.0927734,3.4205775,1.0134666,25871923200.0,2.1590000000000003,1.979,-3.155,522.0,-15.52,,,
2023-12-06,681.6787719726562,-0.271363151134274,1123600,765934268.1884766,3.4205775,1.0134666,25871923200.0,2.1590000000000003,1.979,-3.155,522.0,-15.52,,,
2023-12-07,682.606201171875,0.1360507672161892,936000,638919404.296875,3.4205775,1.0134666,25871923200.0,2.1590000000000003,1.979,-3.155,522.0,-15.52,,,
2023-12-08,673.0997314453125,-1.3926726288513214,982000,660983936.2792969,3.4205775,1.0134666,25871923200.0,2.1590000000000003,1.979,-3.155,522.0,-15.52,,,
2023-12-11,688.4027709960938,2.273517405499748,737200,507490522.7783203,3.4205775,1.0134666,25871923200.0,2.1590000000000003,1.979,-3.155,522.0,-15.52,,,
2023-12-12,686.0841674804688,-0.3368091491366409,436000,299132697.0214844,3.4205775,1.0134666,25871923200.0,2.1590000000000003,1.979,-3.155,522.0,-15.52,,,
2023-12-13,666.8394775390625,-2.805004233238495,801200,534271789.4042969,3.4205775,1.0134666,25871923200.0,2.1590000000000003,1.979,-3.155,522.0,-15.52,,,
2023-12-14,635.3059692382812,-4.728800462917116,1438000,913569983.7646484,3.4205775,1.0134666,25871923200.0,2.1590000000000003,1.979,-3.155,522.0,-15.52,,,
2023-12-15,691.1851196289062,8.79562810618999,935200,646396323.8769531,3.4205775,1.0134666,25871923200.0,2.1590000000000003,1.979,-3.155,522.0,-15.52,,,
2023-12-18,575.2533569335938,-16.772896204356325,2395600,1378076941.8701172,3.4205775,1.0134666,25871923200.0,2.1590000000000003,1.979,-3.155,522.0,-15.52,,,
2023-12-19,515.4326171875,-10.399024886177122,5619200,2896318962.5,3.4205775,1.0134666,25871923200.0,2.1590000000000003,1.979,-3.155,522.0,-15.52,,,
2023-12-20,547.66162109375,6.25280644482884,4086800,2238183513.085937,3.4205775,1.0134666,25871923200.0,2.1590000000000003,1.979,-3.155,522.0,-15.52,,,
2023-12-21,536.7640380859375,-1.9898387230510408,2657200,1426289402.0019531,3.4205775,1.0134666,25871923200.0,2.1590000000000003,1.979,-3.155,522.0,-15.52,,,
2023-12-22,528.6488037109375,-1.5118811617742425,1362400,720231130.1757812,3.4205775,1.0134666,25871923200.0,2.1590000000000003,1.979,-3.155,522.0,-15.52,,,
2023-12-25,565.5150756835938,6.973679258113785,1996400,1128994297.0947266,3.4205775,1.0134666,25871923200.0,2.1590000000000003,1.979,-3.155,522.0,-15.52,,,
2023-12-26,559.718505859375,-1.0250071259748197,1720400,962939717.4804688,3.4205775,1.0134666,25871923200.0,2.1590000000000003,1.979,-3.155,522.0,-15.52,,,
2023-12-27,584.9915771484375,4.515318150908554,1820400,1064918667.0410156,3.4205775,1.0134666,25871923200.0,2.1590000000000003,1.979,-3.155,522.0,-15.52,,,
2023-12-28,590.0926513671875,0.8719910538909525,1512000,892220088.8671875,3.4205775,1.0134666,25871923200.0,2.1590000000000003,1.979,-3.155,522.0,-15.52,,,
2023-12-29,587.7740478515625,-0.3929219437410425,1998400,1174607657.2265625,3.4205775,1.0134666,25871923200.0,2.1590000000000003,1.979,-3.155,522.0,-15.52,,,
2024-01-04,630.2050170898438,7.218925264457554,1404000,884807843.9941406,3.4205775,1.0134666,25871923200.0,2.1590000000000003,1.979,-3.155,522.0,-15.52,,,
2024-01-05,615.36572265625,-2.354677292497376,1210400,744838670.703125,3.4205775,1.0134666,25871923200.0,2.1590000000000003,1.979,-3.155,522.0,-15.52,,,
2024-01-09,645.9717407226562,4.973630629651282,1252400,809015008.0810547,3.4205775,1.0134666,25871923200.0,2.1590000000000003,1.979,-3.155,522.0,-15.52,,,
2024-01-10,649.44970703125,0.5384084301741865,1021200,663218040.8203125,3.4205775,1.0134666,25871923200.0,2.1590000000000003,1.979,-3.155,522.0,-15.52,,,
2024-01-11,663.1296997070312,2.1063975435934745,1566400,1038726361.6210938,3.4205775,1.0134666,25871923200.0,2.1590000000000003,1.979,-3.155,522.0,-15.52,,,
2024-01-12,658.4923706054688,-0.699309517219826,874400,575785728.8574219,3.4205775,1.0134666,25871923200.0,2.1590000000000003,1.979,-3.155,522.0,-15.52,,,
2024-01-15,687.9390258789062,4.471829376908643,303200,208583112.6464844,3.4205775,1.0134666,25871923200.0,2.1590000000000003,1.979,-3.155,522.0,-15.52,,,
2024-01-16,682.3743286132812,-0.8088939653504323,725200,494857863.1103516,3.4205775,1.0134666,25871923200.0,2.1590000000000003,1.979,-3.155,522.0,-15.52,,,
2024-01-17,644.58056640625,-5.538567414139917,1664400,1072839894.7265624,3.4205775,1.0134666,25871923200.0,2.1590000000000003,1.979,-3.155,522.0,-15.52,,,
2024-01-18,644.58056640625,0.0,914000,589146637.6953125,3.4205775,1.0134666,25871923200.0,2.1590000000000003,1.979,-3.155,522.0,-15.52,,,
2024-01-19,639.2476196289062,-0.8273514678043603,698000,446194838.50097656,3.4205775,1.0134666,25871923200.0,2.1590000000000003,1.979,-3.155,522.0,-15.52,,,
2024-01-22,641.5662841796875,0.3627177449839092,562800,361073504.7363281,3.4205775,1.0134666,25871923200.0,2.1590000000000003,1.979,-3.155,522.0,-15.52,,,
2024-01-23,636.0015869140625,-0.8673612380893814,522400,332247229.00390625,3.4205775,1.0134666,25871923200.0,2.1590000000000003,1.979,-3.155,522.0,-15.52,,,
2024-01-24,657.3330078125,3.353988627912008,924400,607638632.421875,3.4205775,1.0134666,25871923200.0,2.1590000000000003,1.979,-3.155,522.0,-15.52,,,
2024-01-25,681.6787719726562,3.703718491358754,1029200,701583792.1142578,3.4205775,1.0134666,25871923200.0,2.1590000000000003,1.979,-3.155,522.0,-15.52,,,
2024-01-26,670.5492553710938,-1.6326629285162708,1143200,766571908.7402344,3.4205775,1.0134666,25871923200.0,2.1590000000000003,1.979,-3.155,522.0,-15.52,,,
2024-01-29,682.3743286132812,1.7634906231673186,816400,557090401.8798828,3.4205775,1.0134666,25871923200.0,2.1590000000000003,1.979,-3.155,522.0,-15.52,,,
2024-01-30,663.8252563476562,-2.7183133198050324,794000,527077253.5400391,3.4205775,1.0134666,25871923200.0,2.1590000000000003,1.979,-3.155,522.0,-15.52,,,
2024-01-31,663.3615112304688,-0.0698595169064564,513600,340702472.16796875,3.4205775,1.0134666,25871923200.0,2.1590000000000003,1.979,-3.155,522.0,-15.52,,,
2024-02-01,659.8836059570312,-0.5242850564221468,240000,158372065.4296875,3.4205775,1.0134666,25871923200.0,2.1590000000000003,1.979,-3.155,522.0,-15.52,,,
2024-02-02,744.2819213867188,12.789879104101145,2617200,1947934644.6533203,3.4205775,1.0134666,25871923200.0,2.1590000000000003,1.979,-3.155,522.0,-15.52,,,
2024-02-05,699.0684814453125,-6.07477336775375,2034400,1422184918.6523438,3.4205775,1.0134666,25871923200.0,2.1590000000000003,1.979,-3.155,522.0,-15.52,,,
2024-02-06,694.1993408203125,-0.6965184033090877,1076400,747236170.4589844,3.4205775,1.0134666,25871923200.0,2.1590000000000003,1.979,-3.155,522.0,-15.52,,,
2024-02-07,721.0955810546875,3.874426069404291,554800,400063828.3691406,3.4205775,1.0134666,25871923200.0,2.1590000000000003,1.979,-3.155,522.0,-15.52,,,
2024-02-08,714.1395874023438,-0.964642390703574,460000,328504210.2050781,3.4205775,1.0134666,25871923200.0,2.1590000000000003,1.979,-3.155,522.0,-15.52,,,
2024-02-09,693.2719116210938,-2.9220724000409204,654800,453954447.7294922,3.4205775,1.0134666,25871923200.0,2.1590000000000003,1.979,-3.155,522.0,-15.52,,,
2024-02-13,717.6176147460938,3.5117105881402155,776400,557158316.0888672,3.4205775,1.0134666,25871923200.0,2.1590000000000003,1.979,-3.155,522.0,-15.52,,,
2024-02-14,724.573486328125,0.969300563294051,590800,428078015.72265625,3.4205775,1.0134666,25871923200.0,2.1590000000000003,1.979,-3.155,522.0,-15.52,,,
2024-02-15,826.5933837890625,14.079993180255212,2495600,2062846448.5839844,3.4205775,1.0134666,25871923200.0,2.1590000000000003,1.979,-3.155,522.0,-15.52,,,
2024-02-16,808.0443115234375,-2.244038317920838,1139200,920524079.6875,3.4205775,1.0134666,25871923200.0,2.1590000000000003,1.979,-3.155,522.0,-15.52,,,
2024-02-19,866.01025390625,7.173609362279532,973600,843147583.203125,3.4205775,1.0134666,25871923200.0,2.1590000000000003,1.979,-3.155,522.0,-15.52,,,
2024-02-20,863.6915283203125,-0.2677480521135367,563600,486776545.3613281,3.4205775,1.0134666,25871923200.0,2.1590000000000003,1.979,-3.155,522.0,-15.52,,,
2024-02-21,872.9661254882812,1.0738321337950163,686000,598854762.0849609,3.4205775,1.0134666,25871923200.0,2.1590000000000003,1.979,-3.155,522.0,-15.52,,,
2024-02-22,897.3118286132812,2.78884854912127,845200,758407957.5439453,3.4205775,1.0134666,25871923200.0,2.1590000000000003,1.979,-3.155,522.0,-15.52,,,
2024-02-26,933.2506103515624,4.00516081391924,952000,888454581.0546875,3.4205775,1.0134666,25871923200.0,2.1590000000000003,1.979,-3.155,522.0,-15.52,,,
2024-02-27,927.4540405273438,-0.6211161032120938,662400,614345556.4453125,3.4205775,1.0134666,25871923200.0,2.1590000000000003,1.979,-3.155,522.0,-15.52,,,
2024-02-28,894.9931640625,-3.4999983876707,745600,667306903.125,3.4205775,1.0134666,25871923200.0,2.1590000000000003,1.979,-3.155,522.0,-15.52,,,
2024-02-29,860.213623046875,-3.886011917426924,862400,741848228.515625,3.4205775,1.0134666,25871923200.0,2.1590000000000003,1.979,-3.155,522.0,-15.52,,,
2024-03-01,904.2676391601562,5.121287890935977,505200,456836011.3037109,3.4205775,1.0134666,25871923200.0,2.1590000000000003,1.979,-3.155,522.0,-15.52,,,
2024-03-04,897.3118286132812,-0.7692203331897685,383200,343849892.7246094,3.4205775,1.0134666,25871923200.0,2.1590000000000003,1.979,-3.155,522.0,-15.52,,,
2024-03-05,871.8068237304688,-2.8423792119433355,512000,446365093.75,3.4205775,1.0134666,25871923200.0,2.1590000000000003,1.979,-3.155,522.0,-15.52,,,
2024-03-06,875.2847900390625,0.3989377249551173,402800,352564713.4277344,3.4205775,1.0134666,25871923200.0,2.1590000000000003,1.979,-3.155,522.0,-15.52,,,
2024-03-07,848.6204223632812,-3.04636479226279,500400,424649659.35058594,3.4205775,1.0134666,25871923200.0,2.1590000000000003,1.979,-3.155,522.0,-15.52,,,
2024-03-08,838.1865844726562,-1.2295058680732995,460400,385901103.4912109,3.4205775,1.0134666,25871923200.0,2.1590000000000003,1.979,-3.155,522.0,-15.52,,,
2024-03-11,810.3629150390625,-3.319507845749992,798400,646993751.3671875,3.4205775,1.0134666,25871923200.0,2.1590000000000003,1.979,-3.155,522.0,-15.52,,,
2024-03-12,847.4611206054688,4.577974248071071,658800,558307386.2548828,3.4205775,1.0134666,25871923200.0,2.1590000000000003,1.979,-3.155,522.0,-15.52,,,
2024-03-13,837.0272827148438,-1.2311877957505102,415200,347533727.7832031,3.4205775,1.0134666,25871923200.0,2.1590000000000003,1.979,-3.155,522.0,-15.52,,,
2024-03-14,830.0713500976562,-0.831028182812199,308800,256326032.91015625,3.4205775,1.0134666,25871923200.0,2.1590000000000003,1.979,-3.155,522.0,-15.52,,,
2024-03-15,825.43408203125,-0.5586589714077772,314800,259846649.0234375,3.4205775,1.0134666,25871923200.0,2.1590000000000003,1.979,-3.155,522.0,-15.52,,,
2024-03-18,801.0884399414062,-2.949435045125992,486800,389969852.56347656,3.4205775,1.0134666,25871923200.0,2.1590000000000003,1.979,-3.155,522.0,-15.52,,,
2024-03-19,819.6375122070312,2.315483702021925,375600,307855849.58496094,3.4205775,1.0134666,25871923200.0,2.1590000000000003,1.979,-3.155,522.0,-15.52,,,
2024-03-21,862.5322875976562,5.233383630176047,510400,440236479.58984375,3.4205775,1.0134666,25871923200.0,2.1590000000000003,1.979,-3.155,522.0,-15.52,,,
2024-03-22,839.345947265625,-2.6881707114536413,421600,353868251.3671875,3.4205775,1.0134666,25871923200.0,2.1590000000000003,1.979,-3.155,522.0,-15.52,,,
2024-03-25,837.0272827148438,-0.2762465891846921,170400,142629448.97460938,3.4205775,1.0134666,25871923200.0,2.1590000000000003,1.979,-3.155,522.0,-15.52,,,
2024-03-26,860.213623046875,2.770081789547873,233600,200945902.34375,3.4205775,1.0134666,25871923200.0,2.1590000000000003,1.979,-3.155,522.0,-15.52,,,
2024-03-27,875.2847900390625,1.752026076825608,408000,357116194.3359375,3.4205775,1.0134666,25871923200.0,2.1590000000000003,1.979,-3.155,522.0,-15.52,,,
2024-03-28,946.7604370117188,8.165987548974375,1080800,1023258680.3222656,3.4205775,1.0134666,25871923200.0,2.1590000000000003,1.979,-3.155,522.0,-15.52,,,
2024-03-29,998.316650390625,5.445539480043582,707200,706009535.15625,3.4205775,1.0134666,25871923200.0,2.1590000000000003,1.979,-3.155,522.0,-15.52,,,
2024-04-01,914.8893432617188,-8.35679812575123,1518300,1389076489.8742676,3.4205775,1.0134666,25871923200.0,2.1590000000000003,1.979,-3.155,522.0,-15.52,,,
2024-04-02,900.8285522460938,-1.5368843367981722,640600,577070770.5688477,3.4205775,1.0134666,25871923200.0,2.1590000000000003,1.979,-3.155,522.0,-15.52,,,
2024-04-03,897.0789794921875,-0.416236002351078,657900,590188260.6079102,3.4205775,1.0134666,25871923200.0,2.1590000000000003,1.979,-3.155,522.0,-15.52,,,
2024-04-04,858.6461181640625,-4.284222705773444,651500,559407945.9838867,3.4205775,1.0134666,25871923200.0,2.1590000000000003,1.979,-3.155,522.0,-15.52,,,
2024-04-05,853.0218505859375,-0.6550157811405111,465400,396996369.2626953,3.4205775,1.0134666,25871923200.0,2.1590000000000003,1.979,-3.155,522.0,-15.52,,,
2024-04-08,903.6406860351562,5.9340608232308245,458600,414409618.61572266,3.4205775,1.0134666,25871923200.0,2.1590000000000003,1.979,-3.155,522.0,-15.52,,,
2024-04-09,872.7069702148438,-3.423231855134623,554700,484090556.3781738,3.4205775,1.0134666,25871923200.0,2.1590000000000003,1.979,-3.155,522.0,-15.52,,,
2024-04-10,853.0218505859375,-2.2556390977443663,494500,421819305.1147461,3.4205775,1.0134666,25871923200.0,2.1590000000000003,1.979,-3.155,522.0,-15.52,,,
2024-04-11,859.58349609375,0.7692236140616204,260100,223577667.3339844,3.4205775,1.0134666,25871923200.0,2.1590000000000003,1.979,-3.155,522.0,-15.52,,,
2024-04-12,942.073486328125,9.596506983817,915300,862279862.0361328,3.4205775,1.0134666,25871923200.0,2.1590000000000003,1.979,-3.155,522.0,-15.52,,,
2024-04-15,918.638916015625,-2.4875522613251544,467300,429279965.4541016,3.4205775,1.0134666,25871923200.0,2.1590000000000003,1.979,-3.155,522.0,-15.52,,,
2024-04-16,899.8911743164062,-2.0408172756857024,408000,367155599.12109375,3.4205775,1.0134666,25871923200.0,2.1590000000000003,1.979,-3.155,522.0,-15.52,,,
2024-04-17,759.283203125,-15.624997244607686,3581300,2719220935.3515625,3.4205775,1.0134666,25871923200.0,2.1590000000000003,1.979,-3.155,522.0,-15.52,,,
2024-04-18,746.1597290039062,-1.7284030605551617,2838300,2117825158.831787,3.4205775,1.0134666,25871923200.0,2.1590000000000003,1.979,-3.155,522.0,-15.52,,,
2024-04-19,685.2296142578125,-8.165827285725147,1822800,1249036540.8691406,3.4205775,1.0134666,25871923200.0,2.1590000000000003,1.979,-3.155,522.0,-15.52,,,
2024-04-22,709.6016845703125,3.5567742265339763,748900,531420701.57470703,3.4205775,1.0134666,25871923200.0,2.1590000000000003,1.979,-3.155,522.0,-15.52,,,
2024-04-23,688.041748046875,-3.038315296065397,723000,497454183.8378906,3.4205775,1.0134666,25871923200.0,2.1590000000000003,1.979,-3.155,522.0,-15.52,,,
2024-04-24,695.5408935546875,1.0899259425899863,436500,303603600.0366211,3.4205775,1.0134666,25871923200.0,2.1590000000000003,1.979,-3.155,522.0,-15.52,,,
2024-04-25,692.7286987304688,-0.4043176828678607,483100,334657234.35668945,3.4205775,1.0134666,25871923200.0,2.1590000000000003,1.979,-3.155,522.0,-15.52,,,
2024-04-26,711.4763793945312,2.706352529990519,424200,301808280.13916016,3.4205775,1.0134666,25871923200.0,2.1590000000000003,1.979,-3.155,522.0,-15.52,,,
2024-04-30,740.5354614257812,4.084335456924015,682100,505119238.2385254,3.4205775,1.0134666,25871923200.0,2.1590000000000003,1.979,-3.155,522.0,-15.52,,,
2024-05-01,723.6625366210938,-2.278476276099106,684000,494985175.0488281,3.4205775,1.0134666,25871923200.0,2.1590000000000003,1.979,-3.155,522.0,-15.52,,,
2024-05-02,762.0953369140625,5.310873279749728,618900,471660804.0161133,3.4205775,1.0134666,25871923200.0,2.1590000000000003,1.979,-3.155,522.0,-15.52,,,
2024-05-07,769.5944213867188,0.9840087072336744,512600,394494100.402832,3.4205775,1.0134666,25871923200.0,2.1590000000000003,1.979,-3.155,522.0,-15.52,,,
2024-05-08,748.971923828125,-2.679657880242225,455800,341381402.8808594,3.4205775,1.0134666,25871923200.0,2.1590000000000003,1.979,-3.155,522.0,-15.52,,,
2024-05-09,720.8502807617188,-3.754699231270464,503200,362731861.2792969,3.4205775,1.0134666,25871923200.0,2.1590000000000003,1.979,-3.155,522.0,-15.52,,,
2024-05-10,748.971923828125,3.901176682166274,368100,275696565.1611328,3.4205775,1.0134666,25871923200.0,2.1590000000000003,1.979,-3.155,522.0,-15.52,,,
2024-05-13,753.6588745117188,0.6257845634103365,374800,282471346.1669922,3.4205775,1.0134666,25871923200.0,2.1590000000000003,1.979,-3.155,522.0,-15.52,,,
2024-05-14,757.4083862304688,0.4975078043337966,359800,272515537.36572266,3.4205775,1.0134666,25871923200.0,2.1590000000000003,1.979,-3.155,522.0,-15.52,,,
2024-05-15,743.34765625,-1.85642649805442,670700,498563273.046875,3.4205775,1.0134666,25871923200.0,2.1590000000000003,1.979,-3.155,522.0,-15.52,,,
2024-05-16,738.6607055664062,-0.6305193329374625,709100,523784306.3171387,3.4205775,1.0134666,25871923200.0,2.1590000000000003,1.979,-3.155,522.0,-15.52,,,
2024-05-17,697.4156494140625,-5.583762049548446,690300,481426022.79052734,3.4205775,1.0134666,25871923200.0,2.1590000000000003,1.979,-3.155,522.0,-15.52,,,
2024-05-20,681.4801025390625,-2.2849425429997683,706100,481193100.402832,3.4205775,1.0134666,25871923200.0,2.1590000000000003,1.979,-3.155,522.0,-15.52,,,
2024-05-21,680.5426635742188,-0.1375592568808703,773700,526535858.80737305,3.4205775,1.0134666,25871923200.0,2.1590000000000003,1.979,-3.155,522.0,-15.52,,,
2024-05-22,654.2958374023438,-3.856749558363659,855400,559684659.3139648,3.4205775,1.0134666,25871923200.0,2.1590000000000003,1.979,-3.155,522.0,-15.52,,,
2024-05-23,691.7913208007812,5.73066207287829,936400,647793392.7978516,3.4205775,1.0134666,25871923200.0,2.1590000000000003,1.979,-3.155,522.0,-15.52,,,
2024-05-24,667.4193115234375,-3.523029061586369,377600,252017532.03125,3.4205775,1.0134666,25871923200.0,2.1590000000000003,1.979,-3.155,522.0,-15.52,,,
2024-05-27,569.9310913085938,-14.606742497803838,4805800,2738974838.61084,3.4205775,1.0134666,25871923200.0,2.1590000000000003,1.979,-3.155,522.0,-15.52,,,
2024-05-28,551.183349609375,-3.28947516377337,1943200,1071059484.9609376,3.4205775,1.0134666,25871923200.0,2.1590000000000003,1.979,-3.155,522.0,-15.52,,,
2024-05-29,548.3711547851562,-0.510210409333256,2179000,1194900746.2768557,3.4205775,1.0134666,25871923200.0,2.1590000000000003,1.979,-3.155,522.0,-15.52,,,
2024-05-30,558.682373046875,1.8803356397836923,1771900,989929296.8017578,3.4205775,1.0134666,25871923200.0,2.1590000000000003,1.979,-3.155,522.0,-15.52,,,
2024-05-31,596.1779174804688,6.711424280151368,2525000,1505349241.6381836,3.4205775,1.0134666,25871923200.0,2.1590000000000003,1.979,-3.155,522.0,-15.52,,,
2024-06-03,613.9882202148438,2.9874140272829752,4004300,2458593030.206299,3.4205775,1.0134666,25871923200.0,2.1590000000000003,1.979,-3.155,522.0,-15.52,,,
2024-06-04,615.863037109375,0.3053506293451802,3747600,2308008317.8710938,3.4205775,1.0134666,25871923200.0,2.1590000000000003,1.979,-3.155,522.0,-15.52,,,
2024-06-05,603.677001953125,-1.9786924075597343,1438700,868510102.7099609,3.4205775,1.0134666,25871923200.0,2.1590000000000003,1.979,-3.155,522.0,-15.52,,,
2024-06-06,600.8648071289062,-0.4658442867825352,1176800,707097705.0292969,3.4205775,1.0134666,25871923200.0,2.1590000000000003,1.979,-3.155,522.0,-15.52,,,
2024-06-07,595.2405395507812,-0.9360287890714192,492000,292858345.4589844,3.4205775,1.0134666,25871923200.0,2.1590000000000003,1.979,-3.155,522.0,-15.52,,,
2024-06-10,600.8648071289062,0.9448730730553968,701300,421386489.239502,3.4205775,1.0134666,25871923200.0,2.1590000000000003,1.979,-3.155,522.0,-15.52,,,
2024-06-11,599.9274291992188,-0.1560047981785661,3371600,2022715320.288086,3.4205775,1.0134666,25871923200.0,2.1590000000000003,1.979,-3.155,522.0,-15.52,,,
2024-06-12,583.0545043945312,-2.8124943090549137,1572400,916794902.7099608,3.4205775,1.0134666,25871923200.0,2.1590000000000003,1.979,-3.155,522.0,-15.52,,,
2024-06-13,568.0562744140625,-2.5723547056794582,1323400,751765673.5595703,3.4205775,1.0134666,25871923200.0,2.1590000000000003,1.979,-3.155,522.0,-15.52,,,
2024-06-14,570.8684692382812,0.4950556750947799,447000,255178205.7495117,3.4205775,1.0134666,25871923200.0,2.1590000000000003,1.979,-3.155,522.0,-15.52,,,
2024-06-17,571.8058471679688,0.1642020851034598,620600,354862708.7524414,3.4205775,1.0134666,25871923200.0,2.1590000000000003,1.979,-3.155,522.0,-15.52,,,
2024-06-18,568.0562744140625,-0.6557422895336007,374400,212680269.140625,3.4205775,1.0134666,25871923200.0,2.1590000000000003,1.979,-3.155,522.0,-15.52,,,
2024-06-19,566.1815795898438,-0.330019209127208,610200,345483999.86572266,3.4205775,1.0134666,25871923200.0,2.1590000000000003,1.979,-3.155,522.0,-15.52,,,
2024-06-20,591.490966796875,4.470189091168608,1214500,718365779.1748047,3.4205775,1.0134666,25871923200.0,2.1590000000000003,1.979,-3.155,522.0,-15.52,,,
2024-06-21,573.6806030273438,-3.011096495011656,647700,371572926.58081055,3.4205775,1.0134666,25871923200.0,2.1590000000000003,1.979,-3.155,522.0,-15.52,,,
2024-06-24,584.9292602539062,1.960787442908596,572200,334696522.7172852,3.4205775,1.0134666,25871923200.0,2.1590000000000003,1.979,-3.155,522.0,-15.52,,,
2024-06-25,609.30126953125,4.166659275476214,1157500,705266219.4824219,3.4205775,1.0134666,25871923200.0,2.1590000000000003,1.979,-3.155,522.0,-15.52,,,
2024-06-26,604.6143798828125,-0.7692236801087327,598100,361619860.60791016,3.4205775,1.0134666,25871923200.0,2.1590000000000003,1.979,-3.155,522.0,-15.52,,,
2024-06-27,602.7395629882812,-0.310084734487237,556500,335424566.8029785,3.4205775,1.0134666,25871923200.0,2.1590000000000003,1.979,-3.155,522.0,-15.52,,,
2024-06-28,595.2405395507812,-1.2441564977618391,564400,335953760.52246094,3.4205775,1.0134666,25871923200.0,2.1590000000000003,1.979,-3.155,522.0,-15.52,,,
2024-07-01,581.1797485351562,-2.362203190366785,678200,394156105.45654297,3.4205775,1.0134666,25871923200.0,2.1590000000000003,1.979,-3.155,522.0,-15.52,,,
2024-07-02,572.7431640625,-1.4516308412191536,562900,322397127.05078125,3.4205775,1.0134666,25871923200.0,2.1590000000000003,1.979,-3.155,522.0,-15.52,,,
2024-07-03,588.6787719726562,2.782330529643362,430900,253661682.8430176,3.4205775,1.0134666,25871923200.0,2.1590000000000003,1.979,-3.155,522.0,-15.52,,,
2024-07-04,592.4283447265625,0.6369471658272063,668500,396038348.44970703,3.4205775,1.0134666,25871923200.0,2.1590000000000003,1.979,-3.155,522.0,-15.52,,,
2024-07-05,576.4927978515625,-2.6898690815266635,1145000,660084253.5400391,3.4205775,1.0134666,25871923200.0,2.1590000000000003,1.979,-3.155,522.0,-15.52,,,
2024-07-08,579.3048706054688,0.4877897459232949,544000,315141849.609375,3.4205775,1.0134666,25871923200.0,2.1590000000000003,1.979,-3.155,522.0,-15.52,,,
2024-07-09,568.0562744140625,-1.9417403101841035,624800,354921560.25390625,3.4205775,1.0134666,25871923200.0,2.1590000000000003,1.979,-3.155,522.0,-15.52,,,
2024-07-10,562.4319458007812,-0.9901006056279638,722000,406075864.86816406,3.4205775,1.0134666,25871923200.0,2.1590000000000003,1.979,-3.155,522.0,-15.52,,,
2024-07-11,564.3067016601562,0.3333302585979192,719200,405849379.8339844,3.4205775,1.0134666,25871923200.0,2.1590000000000003,1.979,-3.155,522.0,-15.52,,,
2024-07-12,571.8058471679688,1.3289130690368411,431900,246962945.3918457,3.4205775,1.0134666,25871923200.0,2.1590000000000003,1.979,-3.155,522.0,-15.52,,,
2024-07-16,563.3693237304688,-1.4754174829243685,487300,274529871.4538574,3.4205775,1.0134666,25871923200.0,2.1590000000000003,1.979,-3.155,522.0,-15.52,,,
2024-07-17,579.3048706054688,2.82861458793664,612800,354998024.70703125,3.4205775,1.0134666,25871923200.0,2.1590000000000003,1.979,-3.155,522.0,-15.52,,,
2024-07-18,568.0562744140625,-1.9417403101841035,387600,220178611.96289065,3.4205775,1.0134666,25871923200.0,2.1590000000000003,1.979,-3.155,522.0,-15.52,,,
2024-07-19,560.5571899414062,-1.3201305593167456,533400,299001205.1147461,3.4205775,1.0134666,25871923200.0,2.1590000000000003,1.979,-3.155,522.0,-15.52,,,
2024-07-22,535.247802734375,-4.515041045085299,1022900,547504977.4169922,3.4205775,1.0134666,25871923200.0,2.1590000000000003,1.979,-3.155,522.0,-15.52,,,
2024-07-23,544.6217041015625,1.7513199156166337,417700,227488485.80322263,3.4205775,1.0134666,25871923200.0,2.1590000000000003,1.979,-3.155,522.0,-15.52,,,
2024-07-24,530.5608520507812,-2.5817649103751394,495800,263052070.4467773,3.4205775,1.0134666,25871923200.0,2.1590000000000003,1.979,-3.155,522.0,-15.52,,,
2024-07-25,514.6253051757812,-3.003528589303983,865000,445150888.9770508,3.4205775,1.0134666,25871923200.0,2.1590000000000003,1.979,-3.155,522.0,-15.52,,,
2024-07-26,509.9383544921875,-0.9107501392674022,456400,232735864.9902344,3.4205775,1.0134666,25871923200.0,2.1590000000000003,1.979,-3.155,522.0,-15.52,,,
2024-07-29,530.5608520507812,4.044115798885195,289100,153385142.32788086,3.4205775,1.0134666,25871923200.0,2.1590000000000003,1.979,-3.155,522.0,-15.52,,,
2024-07-30,517.4373779296875,-2.4735096964594083,384900,199161646.76513672,3.4205775,1.0134666,25871923200.0,2.1590000000000003,1.979,-3.155,522.0,-15.52,,,
2024-07-31,523.9991455078125,1.268127865903157,422300,221284839.1479492,3.4205775,1.0134666,25871923200.0,2.1590000000000003,1.979,-3.155,522.0,-15.52,,,
2024-08-01,489.3158264160156,-6.61896481876606,1215300,594665523.8433838,3.4205775,1.0134666,25871923200.0,2.1590000000000003,1.979,-3.155,522.0,-15.52,,,
2024-08-02,459.3194580078125,-6.130267362883179,1304500,599182232.9711914,3.4205775,1.0134666,25871923200.0,2.1590000000000003,1.979,-3.155,522.0,-15.52,,,
2024-08-05,384.3285217285156,-16.326531561399992,2252000,865507830.9326172,3.4205775,1.0134666,25871923200.0,2.1590000000000003,1.979,-3.155,522.0,-15.52,,,
2024-08-06,419.0118103027344,9.02438580884677,1452600,608656555.645752,3.4205775,1.0134666,25871923200.0,2.1590000000000003,1.979,-3.155,522.0,-15.52,,,
2024-08-07,443.3838806152344,5.816559274281863,1096500,486170425.0946045,3.4205775,1.0134666,25871923200.0,2.1590000000000003,1.979,-3.155,522.0,-15.52,,,
2024-08-08,436.8221435546875,-1.4799223308348264,582800,254579945.26367188,3.4205775,1.0134666,25871923200.0,2.1590000000000003,1.979,-3.155,522.0,-15.52,,,
2024-08-09,456.5072937011719,4.506445114319146,1011700,461848429.0374756,3.4205775,1.0134666,25871923200.0,2.1590000000000003,1.979,-3.155,522.0,-15.52,,,
2024-08-13,531.4982299804688,16.42710583467384,849600,451560896.1914063,3.4205775,1.0134666,25871923200.0,2.1590000000000003,1.979,-3.155,522.0,-15.52,,,
2024-08-14,509.9383544921875,-4.056434108740781,1984900,1012176639.831543,3.4205775,1.0134666,25871923200.0,2.1590000000000003,1.979,-3.155,522.0,-15.52,,,
2024-08-15,504.3139953613281,-1.1029488331898984,641900,323719153.6224365,3.4205775,1.0134666,25871923200.0,2.1590000000000003,1.979,-3.155,522.0,-15.52,,,
2024-08-16,533.3729858398438,5.762082897916732,1094400,583723395.703125,3.4205775,1.0134666,25871923200.0,2.1590000000000003,1.979,-3.155,522.0,-15.52,,,
2024-08-19,519.312255859375,-2.6361908746332263,597600,310341004.1015625,3.4205775,1.0134666,25871923200.0,2.1590000000000003,1.979,-3.155,522.0,-15.52,,,
2024-08-20,523.9991455078125,0.9025185898379195,371300,194560882.7270508,3.4205775,1.0134666,25871923200.0,2.1590000000000003,1.979,-3.155,522.0,-15.52,,,
2024-08-21,522.1243286132812,-0.357790067141106,403700,210781591.46118164,3.4205775,1.0134666,25871923200.0,2.1590000000000003,1.979,-3.155,522.0,-15.52,,,
2024-08-22,513.6878662109375,-1.6157956907984494,268600,137976560.8642578,3.4205775,1.0134666,25871923200.0,2.1590000000000003,1.979,-3.155,522.0,-15.52,,,
2024-08-23,510.8756713867188,-0.547452063635856,373100,190607712.9943848,3.4205775,1.0134666,25871923200.0,2.1590000000000003,1.979,-3.155,522.0,-15.52,,,
2024-08-26,505.25140380859375,-1.1009073035046837,266300,134548448.83422852,3.4205775,1.0134666,25871923200.0,2.1590000000000003,1.979,-3.155,522.0,-15.52,,,
2024-08-27,508.0635681152344,0.5565871337402495,195700,99428040.28015137,3.4205775,1.0134666,25871923200.0,2.1590000000000003,1.979,-3.155,522.0,-15.52,,,
2024-08-28,501.5018310546875,-1.291518910692413,206400,103509977.9296875,3.4205775,1.0134666,25871923200.0,2.1590000000000003,1.979,-3.155,522.0,-15.52,,,
2024-08-29,508.0635681152344,1.308417368436543,261000,132604591.27807616,3.4205775,1.0134666,25871923200.0,2.1590000000000003,1.979,-3.155,522.0,-15.52,,,
2024-08-30,514.6253051757812,1.291518910692413,368500,189639424.9572754,3.4205775,1.0134666,25871923200.0,2.1590000000000003,1.979,-3.155,522.0,-15.52,,,
2024-09-02,522.1243286132812,1.4571812466428469,334500,174650587.92114258,3.4205775,1.0134666,25871923200.0,2.1590000000000003,1.979,-3.155,522.0,-15.52,,,
2024-09-03,511.8131103515625,-1.974858802137125,354600,181488928.9306641,3.4205775,1.0134666,25871923200.0,2.1590000000000003,1.979,-3.155,522.0,-15.52,,,
2024-09-04,487.4410400390625,-4.76190816912816,712900,347496717.44384766,3.4205775,1.0134666,25871923200.0,2.1590000000000003,1.979,-3.155,522.0,-15.52,,,
2024-09-05,486.503662109375,-0.1923059103953073,391000,190222931.8847656,3.4205775,1.0134666,25871923200.0,2.1590000000000003,1.979,-3.155,522.0,-15.52,,,
2024-09-06,478.0671691894531,-1.7341067656804543,443900,212214016.40319824,3.4205775,1.0134666,25871923200.0,2.1590000000000003,1.979,-3.155,522.0,-15.52,,,
2024-09-09,468.6933288574219,-1.960778931530538,477900,223988541.8609619,3.4205775,1.0134666,25871923200.0,2.1590000000000003,1.979,-3.155,522.0,-15.52,,,
2024-09-10,464.0063781738281,-1.0000037113861993,498900,231492782.07092285,3.4205775,1.0134666,25871923200.0,2.1590000000000003,1.979,-3.155,522.0,-15.52,,,
2024-09-11,449.9455871582031,-3.0303012365828885,474700,213589170.22399905,3.4205775,1.0134666,25871923200.0,2.1590000000000003,1.979,-3.155,522.0,-15.52,,,
2024-09-12,469.6307067871094,4.375000042390642,284100,133422083.79821776,3.4205775,1.0134666,25871923200.0,2.1590000000000003,1.979,-3.155,522.0,-15.52,,,
2024-09-13,466.8185424804688,-0.5988033290837191,220500,102933488.61694336,3.4205775,1.0134666,25871923200.0,2.1590000000000003,1.979,-3.155,522.0,-15.52,,,
2024-09-17,447.1334228515625,-4.216867548642811,1070400,478611615.8203125,3.4205775,1.0134666,25871923200.0,2.1590000000000003,1.979,-3.155,522.0,-15.52,,,
2024-09-18,461.1942443847656,3.1446590244878614,634700,292719986.91101074,3.4205775,1.0134666,25871923200.0,2.1590000000000003,1.979,-3.155,522.0,-15.52,,,
2024-09-19,483.69146728515625,4.878036353294468,568600,275026968.29833984,3.4205775,1.0134666,25871923200.0,2.1590000000000003,1.979,-3.155,522.0,-15.52,,,
2024-09-20,487.4410400390625,0.7751992762972781,365300,178062211.92626953,3.4205775,1.0134666,25871923200.0,2.1590000000000003,1.979,-3.155,522.0,-15.52,,,
2024-09-24,488.37841796875,0.1923059103953184,375000,183141906.73828125,3.4205775,1.0134666,25871923200.0,2.1590000000000003,1.979,-3.155,522.0,-15.52,,,
2024-09-25,476.1924133300781,-2.49519720575605,440600,209810377.3132324,3.4205775,1.0134666,25871923200.0,2.1590000000000003,1.979,-3.155,522.0,-15.52,,,
2024-09-26,481.8167419433594,1.1811042040652309,284400,137028681.4086914,3.4205775,1.0134666,25871923200.0,2.1590000000000003,1.979,-3.155,522.0,-15.52,,,
2024-09-27,494.1954345703125,2.5691702984468545,317600,156956470.01953125,3.4205775,1.0134666,25871923200.0,2.1590000000000003,1.979,-3.155,522.0,-15.52,,,
2024-09-30,473.2468566894531,-4.23892582072789,559600,264828941.003418,3.4205775,1.0134666,25871923200.0,2.1590000000000003,1.979,-3.155,522.0,-15.52,,,
2024-10-01,491.3387756347656,3.822934836138692,343900,168971404.9407959,3.4205775,1.0134666,25871923200.0,2.1590000000000003,1.979,-3.155,522.0,-15.52,,,
2024-10-02,484.6733703613281,-1.3565803482182726,897900,435188219.2474365,3.4205775,1.0134666,25871923200.0,2.1590000000000003,1.979,-3.155,522.0,-15.52,,,
2024-10-03,487.5299682617188,0.5893861877042994,333900,162786256.4025879,3.4205775,1.0134666,25871923200.0,2.1590000000000003,1.979,-3.155,522.0,-15.52,,,
2024-10-04,483.7211608886719,-0.7812457943102702,239300,115754473.80065918,3.4205775,1.0134666,25871923200.0,2.1590000000000003,1.979,-3.155,522.0,-15.52,,,
2024-10-07,500.8608703613281,3.543303634095296,693600,347397099.6826172,3.4205775,1.0134666,25871923200.0,2.1590000000000003,1.979,-3.155,522.0,-15.52,,,
2024-10-08,501.8130493164063,0.1901084735150604,819000,410984887.3901367,3.4205775,1.0134666,25871923200.0,2.1590000000000003,1.979,-3.155,522.0,-15.52,,,
2024-10-09,499.9086608886719,-0.3795015754031516,419200,209561710.64453125,3.4205775,1.0134666,25871923200.0,2.1590000000000003,1.979,-3.155,522.0,-15.52,,,
2024-10-10,498.0042419433594,-0.3809533809490451,251900,125447268.54553224,3.4205775,1.0134666,25871923200.0,2.1590000000000003,1.979,-3.155,522.0,-15.52,,,
2024-10-11,495.1476135253906,-0.5736152782195858,192600,95365430.36499023,3.4205775,1.0134666,25871923200.0,2.1590000000000003,1.979,-3.155,522.0,-15.52,,,
2024-10-15,498.0042419433594,0.5769246059028621,326600,162648185.41870117,3.4205775,1.0134666,25871923200.0,2.1590000000000003,1.979,-3.155,522.0,-15.52,,,
2024-10-16,491.3387756347656,-1.3384356491790372,350300,172115973.1048584,3.4205775,1.0134666,25871923200.0,2.1590000000000003,1.979,-3.155,522.0,-15.52,,,
2024-10-17,488.482177734375,-0.5813906905068,316500,154604609.2529297,3.4205775,1.0134666,25871923200.0,2.1590000000000003,1.979,-3.155,522.0,-15.52,,,
2024-10-18,486.5777587890625,-0.3898645707291481,295400,143735069.94628906,3.4205775,1.0134666,25871923200.0,2.1590000000000003,1.979,-3.155,522.0,-15.52,,,
2024-10-21,480.864501953125,-1.1741713904383944,256900,123534090.5517578,3.4205775,1.0134666,25871923200.0,2.1590000000000003,1.979,-3.155,522.0,-15.52,,,
2024-10-22,469.4380493164063,-2.3762312647966244,357700,167917990.24047852,3.4205775,1.0134666,25871923200.0,2.1590000000000003,1.979,-3.155,522.0,-15.52,,,
2024-10-23,462.7725830078125,-1.4198819883262548,322400,149197880.76171875,3.4205775,1.0134666,25871923200.0,2.1590000000000003,1.979,-3.155,522.0,-15.52,,,
2024-10-24,463.7247924804688,0.205761859630349,283500,131465978.66821288,3.4205775,1.0134666,25871923200.0,2.1590000000000003,1.979,-3.155,522.0,-15.52,,,
2024-10-25,454.2027282714844,-2.053386914693678,412300,187267784.866333,3.4205775,1.0134666,25871923200.0,2.1590000000000003,1.979,-3.155,522.0,-15.52,,,
2024-10-28,470.3902587890625,3.563943919751744,319500,150289687.68310547,3.4205775,1.0134666,25871923200.0,2.1590000000000003,1.979,-3.155,522.0,-15.52,,,
2024-10-29,474.1990661621094,0.8097122127596723,258600,122627878.50952148,3.4205775,1.0134666,25871923200.0,2.1590000000000003,1.979,-3.155,522.0,-15.52,,,
2024-10-30,494.1954345703125,4.216872160892704,643200,317866503.515625,3.4205775,1.0134666,25871923200.0,2.1590000000000003,1.979,-3.155,522.0,-15.52,,,
2024-10-31,496.0998229980469,0.3853512789712798,391300,194123860.7391357,3.4205775,1.0134666,25871923200.0,2.1590000000000003,1.979,-3.155,522.0,-15.52,,,
2024-11-01,482.7689208984375,-2.6871410715383126,299900,144782399.3774414,3.4205775,1.0134666,25871923200.0,2.1590000000000003,1.979,-3.155,522.0,-15.52,,,
2024-11-05,482.7689208984375,0.0,210100,101429750.28076172,3.4205775,1.0134666,25871923200.0,2.1590000000000003,1.979,-3.155,522.0,-15.52,,,
2024-11-06,485.6255493164063,0.5917175473211023,345100,167589377.0690918,3.4205775,1.0134666,25871923200.0,2.1590000000000003,1.979,-3.155,522.0,-15.52,,,
2024-11-07,493.24322509765625,1.5686315911452864,492000,242675666.74804688,3.4205775,1.0134666,25871923200.0,2.1590000000000003,1.979,-3.155,522.0,-15.52,,,
2024-11-08,487.5299682617188,-1.158304168254176,247900,120858679.13208008,3.4205775,1.0134666,25871923200.0,2.1590000000000003,1.979,-3.155,522.0,-15.52,,,
2024-11-11,477.0556945800781,-2.148436888707883,490600,234043523.7609864,3.4205775,1.0134666,25871923200.0,2.1590000000000003,1.979,-3.155,522.0,-15.52,,,
2024-11-12,475.1512756347656,-0.3992026438315199,433600,206025593.1152344,3.4205775,1.0134666,25871923200.0,2.1590000000000003,1.979,-3.155,522.0,-15.52,,,
2024-11-13,474.1990661621094,-0.2004013293206874,533500,252985201.7974853,3.4205775,1.0134666,25871923200.0,2.1590000000000003,1.979,-3.155,522.0,-15.52,,,
2024-11-14,488.482177734375,3.01204970475053,782000,381993062.9882813,3.4205775,1.0134666,25871923200.0,2.1590000000000003,1.979,-3.155,522.0,-15.52,,,
2024-11-15,393.261474609375,-19.493178557023786,451800,177675534.22851562,3.4205775,1.0134666,25871923200.0,2.1590000000000003,1.979,-3.155,522.0,-15.52,,,
2024-11-18,368.5040893554688,-6.295400605537993,3938000,1451169103.881836,3.4205775,1.0134666,25871923200.0,2.1590000000000003,1.979,-3.155,522.0,-15.52,,,
2024-11-19,348.5077514648437,-5.426354406432655,2395900,834989721.7346191,3.4205775,1.0134666,25871923200.0,2.1590000000000003,1.979,-3.155,522.0,-15.52,,,
2024-11-20,360.8864440917969,3.5519131425120865,2096700,756670607.3272705,3.4205775,1.0134666,25871923200.0,2.1590000000000003,1.979,-3.155,522.0,-15.52,,,
2024-11-21,356.1253967285156,-1.3192646720945334,919500,327457302.2918701,3.4205775,1.0134666,25871923200.0,2.1590000000000003,1.979,-3.155,522.0,-15.52,,,
2024-11-22,364.69525146484375,2.4064149355967457,858000,312908525.75683594,3.4205775,1.0134666,25871923200.0,2.1590000000000003,1.979,-3.155,522.0,-15.52,,,
2024-11-25,381.83502197265625,4.69975148811741,1149500,438919357.7575684,3.4205775,1.0134666,25871923200.0,2.1590000000000003,1.979,-3.155,522.0,-15.52,,,
2024-11-26,369.456298828125,-3.241903553157499,910100,336242177.56347656,3.4205775,1.0134666,25871923200.0,2.1590000000000003,1.979,-3.155,522.0,-15.52,,,
2024-11-27,359.9342346191406,-2.5773181399768585,840600,302560717.6208496,3.4205775,1.0134666,25871923200.0,2.1590000000000003,1.979,-3.155,522.0,-15.52,,,
2024-11-28,367.5519104003906,2.116407679116872,532300,195647881.906128,3.4205775,1.0134666,25871923200.0,2.1590000000000003,1.979,-3.155,522.0,-15.52,,,
2024-11-29,362.7908630371094,-1.2953401216429072,316200,114714470.89233398,3.4205775,1.0134666,25871923200.0,2.1590000000000003,1.979,-3.155,522.0,-15.52,,,
2024-12-02,357.0776062011719,-1.574807256199584,581600,207676335.7666016,3.4205775,1.0134666,25871923200.0,2.1590000000000003,1.979,-3.155,522.0,-15.52,,,
2024-12-03,353.268798828125,-1.066660946220488,774800,273712665.33203125,3.4205775,1.0134666,25871923200.0,2.1590000000000003,1.979,-3.155,522.0,-15.52,,,
2024-12-04,344.69891357421875,-2.4258822976539585,1092900,376721442.6452637,3.4205775,1.0134666,25871923200.0,2.1590000000000003,1.979,-3.155,522.0,-15.52,,,
2024-12-05,348.5077514648437,1.1049753105197624,743600,259150363.9892578,3.4205775,1.0134666,25871923200.0,2.1590000000000003,1.979,-3.155,522.0,-15.52,,,
2024-12-06,347.5555419921875,-0.273224761473434,368300,128004706.11572266,3.4205775,1.0134666,25871923200.0,2.1590000000000003,1.979,-3.155,522.0,-15.52,,,
2024-12-09,347.5555419921875,0.0,558600,194144525.756836,3.4205775,1.0134666,25871923200.0,2.1590000000000003,1.979,-3.155,522.0,-15.52,,,
2024-12-10,342.7945251464844,-1.369857841544686,695400,238379312.78686523,3.4205775,1.0134666,25871923200.0,2.1590000000000003,1.979,-3.155,522.0,-15.52,,,
2024-12-11,348.5077514648437,1.6666620669971266,545400,190076127.6489257,3.4205775,1.0134666,25871923200.0,2.1590000000000003,1.979,-3.155,522.0,-15.52,,,
2024-12-12,339.9378967285156,-2.45901409661834,697500,237106682.96813965,3.4205775,1.0134666,25871923200.0,2.1590000000000003,1.979,-3.155,522.0,-15.52,,,
2024-12-13,343.7467346191406,1.1204510962974146,666600,229141573.2971192,3.4205775,1.0134666,25871923200.0,2.1590000000000003,1.979,-3.155,522.0,-15.52,,,
2024-12-16,339.9378967285156,-1.108036093737752,969600,329603784.66796875,3.4205775,1.0134666,25871923200.0,2.1590000000000003,1.979,-3.155,522.0,-15.52,,,
2024-12-17,334.22467041015625,-1.6806676670480525,1009800,337500072.1801758,3.4205775,1.0134666,25871923200.0,2.1590000000000003,1.979,-3.155,522.0,-15.52,,,
2024-12-18,338.9856872558594,1.4244959355814268,993600,336816178.8574219,3.4205775,1.0134666,25871923200.0,2.1590000000000003,1.979,-3.155,522.0,-15.52,,,
2024-12-19,332.3202209472656,-1.9662972683453737,850900,282771276.0040283,3.4205775,1.0134666,25871923200.0,2.1590000000000003,1.979,-3.155,522.0,-15.52,,,
2024-12-20,332.3202209472656,0.0,790900,262832062.7471924,3.4205775,1.0134666,25871923200.0,2.1590000000000003,1.979,-3.155,522.0,-15.52,,,
2024-12-23,331.3680114746094,-0.2865337143620139,1294300,428889617.2515869,3.4205775,1.0134666,25871923200.0,2.1590000000000003,1.979,-3.155,522.0,-15.52,,,
2024-12-24,337.0812683105469,1.7241425358208715,858200,289283144.4641113,3.4205775,1.0134666,25871923200.0,2.1590000000000003,1.979,-3.155,522.0,-15.52,,,
2024-12-25,329.463623046875,-2.2598838855245607,741300,244231383.76464844,3.4205775,1.0134666,25871923200.0,2.1590000000000003,1.979,-3.155,522.0,-15.52,,,
2024-12-26,345.651123046875,4.913289015126532,1410500,487540909.0576172,3.4205775,1.0134666,25871923200.0,2.1590000000000003,1.979,-3.155,522.0,-15.52,,,
2024-12-27,351.3643798828125,1.6528969400058102,571100,200664197.35107425,3.4205775,1.0134666,25871923200.0,2.1590000000000003,1.979,-3.155,522.0,-15.52,,,
2024-12-30,354.2209777832031,0.8130015630336107,652100,230987499.6124268,3.4205775,1.0134666,25871923200.0,2.1590000000000003,1.979,-3.155,522.0,-15.52,,,
2025-01-06,359.9342346191406,1.6129075335098442,706300,254221549.91149905,3.4205775,1.0134666,25871923200.0,2.1590000000000003,1.979,-3.155,522.0,-15.52,,,
2025-01-07,355.1731872558594,-1.3227547994480449,491700,174638656.17370605,3.4205775,1.0134666,25871923200.0,2.1590000000000003,1.979,-3.155,522.0,-15.52,,,
2025-01-08,357.0776062011719,0.5361944577028543,432100,154293233.63952637,3.4205775,1.0134666,25871923200.0,2.1590000000000003,1.979,-3.155,522.0,-15.52,,,
2025-01-09,350.41217041015625,-1.866663065748353,330700,115881304.75463869,3.4205775,1.0134666,25871923200.0,2.1590000000000003,1.979,-3.155,522.0,-15.52,,,
2025-01-10,344.69891357421875,-1.630439042471088,360400,124229488.45214844,3.4205775,1.0134666,25871923200.0,2.1590000000000003,1.979,-3.155,522.0,-15.52,,,
2025-01-14,349.4599304199219,1.381210284748402,674300,235640831.0821533,3.4205775,1.0134666,25871923200.0,2.1590000000000003,1.979,-3.155,522.0,-15.52,,,
2025-01-15,342.7945251464844,-1.907344646188236,312400,107089009.65576172,3.4205775,1.0134666,25871923200.0,2.1590000000000003,1.979,-3.155,522.0,-15.52,,,
2025-01-16,338.0334777832031,-1.3888924746527809,499600,168881525.50048828,3.4205775,1.0134666,25871923200.0,2.1590000000000003,1.979,-3.155,522.0,-15.52,,,
2025-01-17,338.9856872558594,0.2816908783416227,253200,85831176.0131836,3.4205775,1.0134666,25871923200.0,2.1590000000000003,1.979,-3.155,522.0,-15.52,,,
2025-01-20,357.0776062011719,5.337074580277812,621700,221995147.77526847,3.4205775,1.0134666,25871923200.0,2.1590000000000003,1.979,-3.155,522.0,-15.52,,,
2025-01-21,350.41217041015625,-1.866663065748353,228500,80069180.9387207,3.4205775,1.0134666,25871923200.0,2.1590000000000003,1.979,-3.155,522.0,-15.52,,,
2025-01-22,350.41217041015625,0.0,235200,82416942.48046875,3.4205775,1.0134666,25871923200.0,2.1590000000000003,1.979,-3.155,522.0,-15.52,,,
2025-01-23,350.41217041015625,0.0,151800,53192567.46826172,3.4205775,1.0134666,25871923200.0,2.1590000000000003,1.979,-3.155,522.0,-15.52,,,
2025-01-24,354.2209777832031,1.0869506525953865,248300,87953068.78356934,3.4205775,1.0134666,25871923200.0,2.1590000000000003,1.979,-3.155,522.0,-15.52,,,
2025-01-27,355.1731872558594,0.2688179222516407,265000,94120894.62280272,3.4205775,1.0134666,25871923200.0,2.1590000000000003,1.979,-3.155,522.0,-15.52,,,
2025-01-28,359.9342346191406,1.340486144257147,249100,89659617.84362793,3.4205775,1.0134666,25871923200.0,2.1590000000000003,1.979,-3.155,522.0,-15.52,,,
2025-01-29,359.9342346191406,0.0,242500,87284051.8951416,3.4205775,1.0134666,25871923200.0,2.1590000000000003,1.979,-3.155,522.0,-15.52,,,
2025-01-30,362.7908630371094,0.7936528796688158,249000,90334924.89624023,3.4205775,1.0134666,25871923200.0,2.1590000000000003,1.979,-3.155,522.0,-15.52,,,
2025-01-31,356.1253967285156,-1.837275132232852,310200,110470098.06518556,3.4205775,1.0134666,25871923200.0,2.1590000000000003,1.979,-3.155,522.0,-15.52,,,
2025-02-03,347.5555419921875,-2.4064149355967346,473100,164428526.9165039,3.4205775,1.0134666,25871923200.0,2.1590000000000003,1.979,-3.155,522.0,-15.52,,,
2025-02-04,344.69891357421875,-0.8219199733068727,192200,66251131.18896485,3.4205775,1.0134666,25871923200.0,2.1590000000000003,1.979,-3.155,522.0,-15.52,,,
2025-02-05,345.651123046875,0.2762438276299406,148800,51432887.109375,3.4205775,1.0134666,25871923200.0,2.1590000000000003,1.979,-3.155,522.0,-15.52,,,
2025-02-06,351.3643798828125,1.6528969400058102,164700,57869713.36669922,3.4205775,1.0134666,25871923200.0,2.1590000000000003,1.979,-3.155,522.0,-15.52,,,
2025-02-07,350.41217041015625,-0.271003416161264,195500,68505579.31518555,3.4205775,1.0134666,25871923200.0,2.1590000000000003,1.979,-3.155,522.0,-15.52,,,
2025-02-10,357.0776062011719,1.9021701738309416,282100,100731592.7093506,3.4205775,1.0134666,25871923200.0,2.1590000000000003,1.979,-3.155,522.0,-15.52,,,
2025-02-12,357.0776062011719,0.0,259500,92661638.8092041,3.4205775,1.0134666,25871923200.0,2.1590000000000003,1.979,-3.155,522.0,-15.52,,,
2025-02-13,368.5040893554688,3.199999931628139,440000,162141799.31640625,3.4205775,1.0134666,25871923200.0,2.1590000000000003,1.979,-3.155,522.0,-15.52,,,
2025-02-14,355.1731872558594,-3.6175723647804734,520400,184832126.6479492,3.4205775,1.0134666,25871923200.0,2.1590000000000003,1.979,-3.155,522.0,-15.52,,,
2025-02-17,303.7540283203125,-14.477207396431524,1931700,586761656.5063477,3.4205775,1.0134666,25871923200.0,2.1590000000000003,1.979,-3.155,522.0,-15.52,,,
2025-02-18,322.79815673828125,6.26958876011563,894000,288581552.12402344,3.4205775,1.0134666,25871923200.0,2.1590000000000003,1.979,-3.155,522.0,-15.52,,,
2025-02-19,315.1805114746094,-2.3598787987653025,508100,160143217.88024902,3.4205775,1.0134666,25871923200.0,2.1590000000000003,1.979,-3.155,522.0,-15.52,,,
2025-02-20,316.1327209472656,0.3021155934423758,215100,68000148.27575684,3.4205775,1.0134666,25871923200.0,2.1590000000000003,1.979,-3.155,522.0,-15.52,,,
2025-02-21,315.1805114746094,-0.3012056043433353,192300,60609212.35656738,3.4205775,1.0134666,25871923200.0,2.1590000000000003,1.979,-3.155,522.0,-15.52,,,
2025-02-25,309.4672546386719,-1.812693560654288,339600,105095079.67529295,3.4205775,1.0134666,25871923200.0,2.1590000000000003,1.979,-3.155,522.0,-15.52,,,
2025-02-26,305.658447265625,-1.2307626464370114,333900,102059355.5419922,3.4205775,1.0134666,25871923200.0,2.1590000000000003,1.979,-3.155,522.0,-15.52,,,
2025-02-27,306.61065673828125,0.3115272884405939,192200,58930568.225097656,3.4205775,1.0134666,25871923200.0,2.1590000000000003,1.979,-3.155,522.0,-15.52,,,
2025-02-28,299.9451904296875,-2.173918669201147,496100,148802808.97216797,3.4205775,1.0134666,25871923200.0,2.1590000000000003,1.979,-3.155,522.0,-15.52,,,
2025-03-03,303.7540283203125,1.2698446290032583,214900,65276740.68603516,3.4205775,1.0134666,25871923200.0,2.1590000000000003,1.979,-3.155,522.0,-15.52,,,
2025-03-04,305.658447265625,0.6269608853727737,464800,142070046.2890625,3.4205775,1.0134666,25871923200.0,2.1590000000000003,1.979,-3.155,522.0,-15.52,,,
2025-03-05,301.849609375,-1.2461091537624092,354300,106945316.6015625,3.4205775,1.0134666,25871923200.0,2.1590000000000003,1.979,-3.155,522.0,-15.52,,,
2025-03-06,302.80181884765625,0.3154582424764074,373100,112975358.61206056,3.4205775,1.0134666,25871923200.0,2.1590000000000003,1.979,-3.155,522.0,-15.52,,,
2025-03-07,302.80181884765625,0.0,286100,86631600.37231445,3.4205775,1.0134666,25871923200.0,2.1590000000000003,1.979,-3.155,522.0,-15.52,,,
2025-03-10,312.3238830566406,3.144652249851587,508600,158847926.92260742,3.4205775,1.0134666,25871923200.0,2.1590000000000003,1.979,-3.155,522.0,-15.52,,,
2025-03-11,309.4672546386719,-0.9146365593343696,213000,65916525.23803711,3.4205775,1.0134666,25871923200.0,2.1590000000000003,1.979,-3.155,522.0,-15.52,,,
2025-03-12,314.2283020019531,1.5384656347050774,302500,95054061.35559082,3.4205775,1.0134666,25871923200.0,2.1590000000000003,1.979,-3.155,522.0,-15.52,,,
2025-03-13,320.8937683105469,2.1212176834893404,316500,101562877.67028809,3.4205775,1.0134666,25871923200.0,2.1590000000000003,1.979,-3.155,522.0,-15.52,,,
2025-03-14,323.7503662109375,0.890200490782389,169800,54972812.18261719,3.4205775,1.0134666,25871923200.0,2.1590000000000003,1.979,-3.155,522.0,-15.52,,,
2025-03-17,335.1768798828125,3.5294210800769,631400,211630681.9580078,3.4205775,1.0134666,25871923200.0,2.1590000000000003,1.979,-3.155,522.0,-15.52,,,
2025-03-18,342.7945251464844,2.272723961848211,275500,94439891.67785645,3.4205775,1.0134666,25871923200.0,2.1590000000000003,1.979,-3.155,522.0,-15.52,,,
2025-03-19,361.8386535644531,5.555552093438698,765400,276951305.4382324,3.4205775,1.0134666,25871923200.0,2.1590000000000003,1.979,-3.155,522.0,-15.52,,,
2025-03-21,352.31658935546875,-2.6315773937314435,362600,127749995.30029295,3.4205775,1.0134666,25871923200.0,2.1590000000000003,1.979,-3.155,522.0,-15.52,,,
2025-03-24,349.4599304199219,-0.8108215797538398,172400,60246892.00439453,3.4205775,1.0134666,25871923200.0,2.1590000000000003,1.979,-3.155,522.0,-15.52,,,
2025-03-25,357.0776062011719,2.1798424134338745,178600,63774060.4675293,3.4205775,1.0134666,25871923200.0,2.1590000000000003,1.979,-3.155,522.0,-15.52,,,
2025-03-26,359.9342346191406,0.800002119527865,202600,72922675.93383789,3.4205775,1.0134666,25871923200.0,2.1590000000000003,1.979,-3.155,522.0,-15.52,,,
2025-03-27,359.9342346191406,0.0,494600,178023472.44262695,3.4205775,1.0134666,25871923200.0,2.1590000000000003,1.979,-3.155,522.0,-15.52,,,
2025-03-28,355.0438232421875,-1.3586958134526594,322100,114359615.4663086,3.4205775,1.0134666,25871923200.0,2.1590000000000003,1.979,-3.155,522.0,-15.52,,,
2025-03-31,337.4383544921875,-4.958674844482703,331500,111860814.51416016,3.4205775,1.0134666,25871923200.0,2.1590000000000003,1.979,-3.155,522.0,-15.52,,,
2025-04-01,332.5479431152344,-1.4492754933898122,220600,73360076.2512207,3.4205775,1.0134666,25871923200.0,2.1590000000000003,1.979,-3.155,522.0,-15.52,,,
2025-04-02,326.679443359375,-1.7647078796773186,253200,82715235.05859375,3.4205775,1.0134666,25871923200.0,2.1590000000000003,1.979,-3.155,522.0,-15.52,,,
2025-04-03,314.9424743652344,-3.5928091689653607,490400,154447789.42871094,3.4205775,1.0134666,25871923200.0,2.1590000000000003,1.979,-3.155,522.0,-15.52,,,
2025-04-04,297.33697509765625,-5.590068250737524,693600,206232925.9277344,3.4205775,1.0134666,25871923200.0,2.1590000000000003,1.979,-3.155,522.0,-15.52,,,
2025-04-07,267.9945068359375,-9.868422268061892,840700,225302981.89697263,3.4205775,1.0134666,25871923200.0,2.1590000000000003,1.979,-3.155,522.0,-15.52,,,
2025-04-08,291.4684753417969,8.75912300703603,708700,206563708.47473145,3.4205775,1.0134666,25871923200.0,2.1590000000000003,1.979,-3.155,522.0,-15.52,,,
2025-04-09,281.68768310546875,-3.355694719594793,579100,163125337.28637695,3.4205775,1.0134666,25871923200.0,2.1590000000000003,1.979,-3.155,522.0,-15.52,,,
2025-04-10,298.3150634765625,5.902771533275808,442000,131855258.05664062,3.4205775,1.0134666,25871923200.0,2.1590000000000003,1.979,-3.155,522.0,-15.52,,,
2025-04-11,299.29315185546875,0.327870931996399,410300,122799980.20629884,3.4205775,1.0134666,25871923200.0,2.1590000000000003,1.979,-3.155,522.0,-15.52,,,
2025-04-14,306.13970947265625,2.287575768019501,286200,87617184.85107422,3.4205775,1.0134666,25871923200.0,2.1590000000000003,1.979,-3.155,522.0,-15.52,,,
2025-04-15,307.1177978515625,0.3194908561816589,182800,56141133.447265625,3.4205775,1.0134666,25871923200.0,2.1590000000000003,1.979,-3.155,522.0,-15.52,,,
2025-04-16,298.3150634765625,-2.866240392637409,245700,73296011.0961914,3.4205775,1.0134666,25871923200.0,2.1590000000000003,1.979,-3.155,522.0,-15.52,,,
2025-04-17,302.2273864746094,1.3114734980033127,151300,45727003.5736084,3.4205775,1.0134666,25871923200.0,2.1590000000000003,1.979,-3.155,522.0,-15.52,,,
2025-04-18,316.89862060546875,4.85436952024596,170800,54126284.39941406,3.4205775,1.0134666,25871923200.0,2.1590000000000003,1.979,-3.155,522.0,-15.52,,,
2025-04-21,318.85479736328125,0.6172878739815868,197500,62973822.47924805,3.4205775,1.0134666,25871923200.0,2.1590000000000003,1.979,-3.155,522.0,-15.52,,,
2025-04-22,328.6356201171875,3.0674848974477475,203100,66745894.44580078,3.4205775,1.0134666,25871923200.0,2.1590000000000003,1.979,-3.155,522.0,-15.52,,,
2025-04-23,332.5479431152344,1.1904744216867824,217200,72229413.2446289,3.4205775,1.0134666,25871923200.0,2.1590000000000003,1.979,-3.155,522.0,-15.52,,,
2025-04-24,338.4164428710937,1.7647078796773077,154200,52183815.490722656,3.4205775,1.0134666,25871923200.0,2.1590000000000003,1.979,-3.155,522.0,-15.52,,,
2025-04-25,339.39453125,0.2890191654425056,147700,50128572.265625,3.4205775,1.0134666,25871923200.0,2.1590000000000003,1.979,-3.155,522.0,-15.52,,,
2025-04-28,336.46026611328125,-0.8645587558266721,153100,51512066.74194336,3.4205775,1.0134666,25871923200.0,2.1590000000000003,1.979,-3.155,522.0,-15.52,,,
2025-04-30,338.4164428710937,0.5813990401927205,165400,55974079.650878906,3.4205775,1.0134666,25871923200.0,2.1590000000000003,1.979,-3.155,522.0,-15.52,,,
2025-05-01,338.4164428710937,0.0,115800,39188624.084472656,3.4205775,1.0134666,25871923200.0,2.1590000000000003,1.979,-3.155,522.0,-15.52,,,
2025-05-02,336.46026611328125,-0.5780383308850112,179900,60529201.8737793,3.4205775,1.0134666,25871923200.0,2.1590000000000003,1.979,-3.155,522.0,-15.52,,,
2025-05-07,338.4164428710937,0.5813990401927205,133300,45110911.8347168,3.4205775,1.0134666,25871923200.0,2.1590000000000003,1.979,-3.155,522.0,-15.52,,,
2025-05-08,326.679443359375,-3.468211949792732,228500,74646252.80761719,3.4205775,1.0134666,25871923200.0,2.1590000000000003,1.979,-3.155,522.0,-15.52,,,
2025-05-09,327.65753173828125,0.2994030995180363,140100,45904820.1965332,3.4205775,1.0134666,25871923200.0,2.1590000000000003,1.979,-3.155,522.0,-15.52,,,
2025-05-12,333.5260314941406,1.791046805707763,163100,54398095.736694336,3.4205775,1.0134666,25871923200.0,2.1590000000000003,1.979,-3.155,522.0,-15.52,,,
2025-05-13,333.5260314941406,0.0,223000,74376305.02319336,3.4205775,1.0134666,25871923200.0,2.1590000000000003,1.979,-3.155,522.0,-15.52,,,
2025-05-14,330.5917663574219,-0.8797709502834761,201200,66515063.39111328,3.4205775,1.0134666,25871923200.0,2.1590000000000003,1.979,-3.155,522.0,-15.52,,,
2025-05-15,322.7671203613281,-2.366860518732361,384600,124136234.4909668,3.4205775,1.0134666,25871923200.0,2.1590000000000003,1.979,-3.155,522.0,-15.52,,,
2025-05-16,332.5479431152344,3.030303316817684,677300,225234721.87194824,3.4205775,1.0134666,25871923200.0,2.1590000000000003,1.979,-3.155,522.0,-15.52,,,
2025-05-19,326.679443359375,-1.7647078796773186,379400,123942180.81054688,3.4205775,1.0134666,25871923200.0,2.1590000000000003,1.979,-3.155,522.0,-15.52,,,
2025-05-20,328.6356201171875,0.5988061990360727,187300,61553451.64794922,3.4205775,1.0134666,25871923200.0,2.1590000000000003,1.979,-3.155,522.0,-15.52,,,
2025-05-21,330.5917663574219,0.5952325677712089,236700,78251071.09680176,3.4205775,1.0134666,25871923200.0,2.1590000000000003,1.979,-3.155,522.0,-15.52,,,
2025-05-22,323.7452087402344,-2.071000646091492,228800,74072903.75976562,3.4205775,1.0134666,25871923200.0,2.1590000000000003,1.979,-3.155,522.0,-15.52,,,
2025-05-23,319.8328857421875,-1.2084574203493514,162200,51876894.06738281,3.4205775,1.0134666,25871923200.0,2.1590000000000003,1.979,-3.155,522.0,-15.52,,,
2025-05-26,323.7452087402344,1.2232397518998628,83500,27032724.92980957,3.4205775,1.0134666,25871923200.0,2.1590000000000003,1.979,-3.155,522.0,-15.52,,,
2025-05-27,332.5479431152344,2.7190315523906605,149200,49616153.11279297,3.4205775,1.0134666,25871923200.0,2.1590000000000003,1.979,-3.155,522.0,-15.52,,,
2025-05-28,330.5917663574219,-0.5882390188576947,434400,143609063.30566406,3.4205775,1.0134666,25871923200.0,2.1590000000000003,1.979,-3.155,522.0,-15.52,,,
2025-05-29,334.5041198730469,1.1834394905634538,174900,58504770.5657959,3.4205775,1.0134666,25871923200.0,2.1590000000000003,1.979,-3.155,522.0,-15.52,,,
2025-05-30,331.5698547363281,-0.8771985044107589,139600,46287151.721191406,3.4205775,1.0134666,25871923200.0,2.1590000000000003,1.979,-3.155,522.0,-15.52,,,
2025-06-02,322.7671203613281,-2.6548657090675887,221400,71460640.44799805,3.4205775,1.0134666,25871923200.0,2.1590000000000003,1.979,-3.155,522.0,-15.52,,,
2025-06-03,313.9643859863281,-2.7272710941392053,278700,87501874.37438965,3.4205775,1.0134666,25871923200.0,2.1590000000000003,1.979,-3.155,522.0,-15.52,,,
2025-06-04,320.8109436035156,2.1806796957810404,196200,62943107.135009766,3.4205775,1.0134666,25871923200.0,2.1590000000000003,1.979,-3.155,522.0,-15.52,,,
2025-06-05,316.89862060546875,-1.219510455005568,165200,52351652.12402344,3.4205775,1.0134666,25871923200.0,2.1590000000000003,1.979,-3.155,522.0,-15.52,,,
2025-06-06,313.9643859863281,-0.9259221808963548,130700,41035145.248413086,3.4205775,1.0134666,25871923200.0,2.1590000000000003,1.979,-3.155,522.0,-15.52,,,
2025-06-09,317.876708984375,1.2461040718857896,158300,50319883.03222656,3.4205775,1.0134666,25871923200.0,2.1590000000000003,1.979,-3.155,522.0,-15.52,,,
2025-06-10,317.876708984375,0.0,115700,36778335.22949219,3.4205775,1.0134666,25871923200.0,2.1590000000000003,1.979,-3.155,522.0,-15.52,,,
2025-06-11,326.679443359375,2.7692291150002823,227100,74188901.58691406,3.4205775,1.0134666,25871923200.0,2.1590000000000003,1.979,-3.155,522.0,-15.52,,,
2025-06-12,325.70135498046875,-0.2994030995180363,104900,34166072.13745117,3.4205775,1.0134666,25871923200.0,2.1590000000000003,1.979,-3.155,522.0,-15.52,,,
2025-06-13,321.7890319824219,-1.2011994848107,142100,45726221.44470215,3.4205775,1.0134666,25871923200.0,2.1590000000000003,1.979,-3.155,522.0,-15.52,,,
2025-06-16,325.70135498046875,1.215803712744501,120100,39116732.7331543,3.4205775,1.0134666,25871923200.0,2.1590000000000003,1.979,-3.155,522.0,-15.52,,,
2025-06-17,322.7671203613281,-0.900897271157064,91600,29565468.225097656,3.4205775,1.0134666,25871923200.0,2.1590000000000003,1.979,-3.155,522.0,-15.52,,,
2025-06-18,331.5698547363281,2.7272710941392164,226900,75233200.03967285,3.4205775,1.0134666,25871923200.0,2.1590000000000003,1.979,-3.155,522.0,-15.52,,,
2025-06-19,329.6137084960937,-0.5899650442558912,122300,40311756.549072266,3.4205775,1.0134666,25871923200.0,2.1590000000000003,1.979,-3.155,522.0,-15.52,,,
2025-06-20,326.679443359375,-0.8902133197392526,71100,23226908.42285156,3.4205775,1.0134666,25871923200.0,2.1590000000000003,1.979,-3.155,522.0,-15.52,,,
2025-06-23,322.7671203613281,-1.1976030563217832,136700,44122265.35339356,3.4205775,1.0134666,25871923200.0,2.1590000000000003,1.979,-3.155,522.0,-15.52,,,
2025-06-24,325.70135498046875,0.9090872130518955,101700,33123827.801513672,3.4205775,1.0134666,25871923200.0,2.1590000000000003,1.979,-3.155,522.0,-15.52,,,
2025-06-25,328.6356201171875,0.900906640960919,131100,43084129.79736328,3.4205775,1.0134666,25871923200.0,2.1590000000000003,1.979,-3.155,522.0,-15.52,,,
2025-06-26,334.5041198730469,1.785716275602356,184500,61716010.11657715,3.4205775,1.0134666,25871923200.0,2.1590000000000003,1.979,-3.155,522.0,-15.52,,,
2025-06-27,338.4164428710937,1.1695888826516398,212800,72015019.04296875,3.4205775,1.0134666,25871923200.0,2.1590000000000003,1.979,-3.155,522.0,-15.52,,,
2025-06-30,347.2191772460937,2.601154453465204,499600,173470700.95214844,3.4205775,1.0134666,25871923200.0,2.1590000000000003,1.979,-3.155,522.0,-15.52,,,
2025-07-01,342.3287658691406,-1.40845082801605,250000,85582191.46728516,3.4205775,1.0134666,25871923200.0,2.1590000000000003,1.979,-3.155,522.0,-15.52,,,
2025-07-02,339.39453125,-0.8571393676750749,155900,52911607.421875,3.4205775,1.0134666,25871923200.0,2.1590000000000003,1.979,-3.155,522.0,-15.52,,,
2025-07-03,354.06573486328125,4.322757812050404,447300,158373603.2043457,3.4205775,1.0134666,25871923200.0,2.1590000000000003,1.979,-3.155,522.0,-15.52,,,
2025-07-04,355.0438232421875,0.2762448558553565,213600,75837360.64453125,3.4205775,1.0134666,25871923200.0,2.1590000000000003,1.979,-3.155,522.0,-15.52,,,
2025-07-07,346.2410888671875,-2.4793374222413567,246600,85383052.51464844,3.4205775,1.0134666,25871923200.0,2.1590000000000003,1.979,-3.155,522.0,-15.52,,,
2025-07-08,355.0438232421875,2.5423713874630938,101500,36036948.05908203,3.4205775,1.0134666,25871923200.0,2.1590000000000003,1.979,-3.155,522.0,-15.52,,,
2025-07-09,358.9561462402344,1.101926788169516,117100,42033764.724731445,3.4205775,1.0134666,25871923200.0,2.1590000000000003,1.979,-3.155,522.0,-15.52,,,
2025-07-10,358.9561462402344,0.0,87000,31229184.72290039,3.4205775,1.0134666,25871923200.0,2.1590000000000003,1.979,-3.155,522.0,-15.52,,,
2025-07-11,379.4958801269531,5.722073323400445,394500,149711124.710083,3.4205775,1.0134666,25871923200.0,2.1590000000000003,1.979,-3.155,522.0,-15.52,,,
2025-07-14,377.5397338867188,-0.5154591505920902,297700,112393578.77807616,3.4205775,1.0134666,25871923200.0,2.1590000000000003,1.979,-3.155,522.0,-15.52,,,
2025-07-15,370.6931457519531,-1.8134748531713367,241000,89337048.1262207,3.4205775,1.0134666,25871923200.0,2.1590000000000003,1.979,-3.155,522.0,-15.52,,,
2025-07-16,364.82464599609375,-1.583115259375811,142100,51841582.19604492,3.4205775,1.0134666,25871923200.0,2.1590000000000003,1.979,-3.155,522.0,-15.52,,,
2025-07-17,363.8465576171875,-0.268098219141899,64800,23577256.93359375,3.4205775,1.0134666,25871923200.0,2.1590000000000003,1.979,-3.155,522.0,-15.52,,,
2025-07-18,353.0876770019531,-2.9569829341505205,272600,96251700.75073242,3.4205775,1.0134666,25871923200.0,2.1590000000000003,1.979,-3.155,522.0,-15.52,,,
2025-07-22,354.06573486328125,0.2770014149552802,94200,33352992.224121094,3.4205775,1.0134666,25871923200.0,2.1590000000000003,1.979,-3.155,522.0,-15.52,,,
2025-07-23,364.82464599609375,3.038676176040278,169400,61801295.03173828,3.4205775,1.0134666,25871923200.0,2.1590000000000003,1.979,-3.155,522.0,-15.52,,,
2025-07-24,365.802734375,0.2680982191418879,104300,38153225.1953125,3.4205775,1.0134666,25871923200.0,2.1590000000000003,1.979,-3.155,522.0,-15.52,,,
2025-07-25,365.802734375,0.0,82000,29995824.21875,3.4205775,1.0134666,25871923200.0,2.1590000000000003,1.979,-3.155,522.0,-15.52,,,
2025-07-28,366.7808227539063,0.2673813744387132,120300,44123732.97729492,3.4205775,1.0134666,25871923200.0,2.1590000000000003,1.979,-3.155,522.0,-15.52,,,
2025-07-29,360.9123229980469,-1.6000017972032543,116200,41938011.93237305,3.4205775,1.0134666,25871923200.0,2.1590000000000003,1.979,-3.155,522.0,-15.52,,,
2025-07-30,360.9123229980469,0.0,89400,32265561.67602539,3.4205775,1.0134666,25871923200.0,2.1590000000000003,1.979,-3.155,522.0,-15.52,,,
2025-07-31,359.9342346191406,-0.2710044286605151,69900,25159402.99987793,3.4205775,1.0134666,25871923200.0,2.1590000000000003,1.979,-3.155,522.0,-15.52,,,
2025-08-01,365.802734375,1.6304366718739691,128700,47078811.9140625,3.4205775,1.0134666,25871923200.0,2.1590000000000003,1.979,-3.155,522.0,-15.52,,,
2025-08-04,365.802734375,0.0,103300,37787422.4609375,3.4205775,1.0134666,25871923200.0,2.1590000000000003,1.979,-3.155,522.0,-15.52,,,
2025-08-05,368.7369689941406,0.8021357806835328,88100,32485726.96838379,3.4205775,1.0134666,25871923200.0,2.1590000000000003,1.979,-3.155,522.0,-15.52,,,
2025-08-06,365.802734375,-0.7957527630453654,110200,40311461.328125,3.4205775,1.0134666,25871923200.0,2.1590000000000003,1.979,-3.155,522.0,-15.52,,,
2025-08-07,366.7808227539063,0.2673813744387132,153300,56227500.12817383,3.4205775,1.0134666,25871923200.0,2.1590000000000003,1.979,-3.155,522.0,-15.52,,,
2025-08-08,364.82464599609375,-0.5333367058628968,164200,59904206.872558594,3.4205775,1.0134666,25871923200.0,2.1590000000000003,1.979,-3.155,522.0,-15.52,,,
2025-08-12,363.8465576171875,-0.268098219141899,381500,138807461.73095703,3.4205775,1.0134666,25871923200.0,2.1590000000000003,1.979,-3.155,522.0,-15.52,,,
2025-08-13,337.4383544921875,-7.258060457668192,1135500,383161251.5258789,3.4205775,1.0134666,25871923200.0,2.1590000000000003,1.979,-3.155,522.0,-15.52,,,
2025-08-14,336.46026611328125,-0.2898569074574197,347200,116819004.39453124,3.4205775,1.0134666,25871923200.0,2.1590000000000003,1.979,-3.155,522.0,-15.52,,,
2025-08-15,344.284912109375,2.3255780203952137,197700,68065127.12402344,3.4205775,1.0134666,25871923200.0,2.1590000000000003,1.979,-3.155,522.0,-15.52,,,
2025-08-18,349.1753234863281,1.4204547469101714,437200,152659451.42822266,3.4205775,1.0134666,25871923200.0,2.1590000000000003,1.979,-3.155,522.0,-15.52,,,
2025-08-19,345.26300048828125,-1.1204465879731784,230700,79652174.21264648,3.4205775,1.0134666,25871923200.0,2.1590000000000003,1.979,-3.155,522.0,-15.52,,,
2025-08-20,347.2191772460937,0.566575843645567,320900,111422633.97827148,3.4205775,1.0134666,25871923200.0,2.1590000000000003,1.979,-3.155,522.0,-15.52,,,
2025-08-21,345.26300048828125,-0.5633838468622532,175500,60593656.58569336,3.4205775,1.0134666,25871923200.0,2.1590000000000003,1.979,-3.155,522.0,-15.52,,,
2025-08-22,346.2410888671875,0.2832879218227946,223000,77211762.81738281,3.4205775,1.0134666,25871923200.0,2.1590000000000003,1.979,-3.155,522.0,-15.52,,,
2025-08-25,345.26300048828125,-0.2824876683776289,362700,125226890.2770996,3.4205775,1.0134666,25871923200.0,2.1590000000000003,1.979,-3.155,522.0,-15.52,,,
2025-08-26,346.2410888671875,0.2832879218227946,195800,67794005.20019531,3.4205775,1.0134666,25871923200.0,2.1590000000000003,1.979,-3.155,522.0,-15.52,,,
2025-08-27,345.26300048828125,-0.2824876683776289,132200,45643768.66455078,3.4205775,1.0134666,25871923200.0,2.1590000000000003,1.979,-3.155,522.0,-15.52,,,
2025-08-28,346.2410888671875,0.2832879218227946,143100,49547099.81689453,3.4205775,1.0134666,25871923200.0,2.1590000000000003,1.979,-3.155,522.0,-15.52,,,
2025-08-29,347.2191772460937,0.28248766837764,109600,38055221.82617188,3.4205775,1.0134666,25871923200.0,2.1590000000000003,1.979,-3.155,522.0,-15.52,,,
2025-09-01,344.284912109375,-0.8450757702933798,246800,84969516.30859375,3.4205775,1.0134666,25871923200.0,2.1590000000000003,1.979,-3.155,522.0,-15.52,,,
2025-09-02,350.1534118652344,1.7045474691017135,240700,84281926.23596191,3.4205775,1.0134666,25871923200.0,2.1590000000000003,1.979,-3.155,522.0,-15.52,,,
2025-09-03,348.197265625,-0.5586540567502074,113600,39555209.375,3.4205775,1.0134666,25871923200.0,2.1590000000000003,1.979,-3.155,522.0,-15.52,,,
2025-09-04,352.1095886230469,1.1235938315093952,112900,39753172.55554199,3.4205775,1.0134666,25871923200.0,2.1590000000000003,1.979,-3.155,522.0,-15.52,,,
2025-09-05,363.8465576171875,3.333328421994697,264000,96055491.2109375,3.4205775,1.0134666,25871923200.0,2.1590000000000003,1.979,-3.155,522.0,-15.52,,,
2025-09-08,363.8465576171875,0.0,142700,51920903.771972656,3.4205775,1.0134666,25871923200.0,2.1590000000000003,1.979,-3.155,522.0,-15.52,,,
2025-09-09,360.9123229980469,-0.806448366134549,97000,35008495.33081055,3.4205775,1.0134666,25871923200.0,2.1590000000000003,1.979,-3.155,522.0,-15.52,,,
2025-09-10,361.8904113769531,0.2710044286605262,156300,56563471.29821777,3.4205775,1.0134666,25871923200.0,2.1590000000000003,1.979,-3.155,522.0,-15.52,,,
2025-09-11,359.9342346191406,-0.540543959252604,74000,26635133.361816406,3.4205775,1.0134666,25871923200.0,2.1590000000000003,1.979,-3.155,522.0,-15.52,,,
2025-09-12,359.9342346191406,0.0,113500,40852535.62927246,3.4205775,1.0134666,25871923200.0,2.1590000000000003,1.979,-3.155,522.0,-15.52,,,
2025-09-16,363.8465576171875,1.0869549550313495,128900,46899821.27685547,3.4205775,1.0134666,25871923200.0,2.1590000000000003,1.979,-3.155,522.0,-15.52,,,
2025-09-17,358.9561462402344,-1.3440862018814117,57900,20783560.86730957,3.4205775,1.0134666,25871923200.0,2.1590000000000003,1.979,-3.155,522.0,-15.52,,,
2025-09-18,359.9342346191406,0.2724813014489013,74500,26815100.479125977,3.4205775,1.0134666,25871923200.0,2.1590000000000003,1.979,-3.155,522.0,-15.52,,,
2025-09-19,363.8465576171875,1.0869549550313495,183000,66583920.04394531,3.4205775,1.0134666,25871923200.0,2.1590000000000003,1.979,-3.155,522.0,-15.52,,,
2025-09-22,362.8684997558594,-0.2688105303876975,111600,40496124.57275391,3.4205775,1.0134666,25871923200.0,2.1590000000000003,1.979,-3.155,522.0,-15.52,,,
2025-09-24,362.8684997558594,0.0,111300,40387264.02282715,3.4205775,1.0134666,25871923200.0,2.1590000000000003,1.979,-3.155,522.0,-15.52,,,
2025-09-25,358.9561462402344,-1.078173916517211,118700,42608094.55871582,3.4205775,1.0134666,25871923200.0,2.1590000000000003,1.979,-3.155,522.0,-15.52,,,
2025-09-26,357.0,-0.5449541011411485,165200,58976400.0,3.4205775,1.0134666,25871923200.0,2.1590000000000003,1.979,-3.155,522.0,-15.52,,,
2025-09-29,355.0,-0.5602240896358524,2304700,818168500.0,3.4205775,1.0134666,25871923200.0,2.1590000000000003,1.979,-3.155,522.0,-15.52,,,
2025-09-30,343.0,-3.380281690140841,412200,141384600.0,3.4205775,1.0134666,25871923200.0,2.1590000000000003,1.979,-3.155,522.0,-15.52,,,
2025-10-01,338.0,-1.457725947521871,323700,109410600.0,3.4205775,1.0134666,25871923200.0,2.1590000000000003,1.979,-3.155,522.0,-15.52,,,
2025-10-02,336.0,-0.591715976331364,192200,64579200.0,3.4205775,1.0134666,25871923200.0,2.1590000000000003,1.979,-3.155,522.0,-15.52,,,
2025-10-03,334.0,-0.5952380952380931,189800,63393200.0,3.4205775,1.0134666,25871923200.0,2.1590000000000003,1.979,-3.155,522.0,-15.52,,,
2025-10-06,340.0,1.7964071856287456,196100,66674000.0,3.4205775,1.0134666,25871923200.0,2.1590000000000003,1.979,-3.155,522.0,-15.52,,,
2025-10-07,346.0,1.764705882352935,172600,59719600.0,3.4205775,1.0134666,25871923200.0,2.1590000000000003,1.979,-3.155,522.0,-15.52,,,
2025-10-08,347.0,0.2890173410404539,130600,45318200.0,3.4205775,1.0134666,25871923200.0,2.1590000000000003,1.979,-3.155,522.0,-15.52,,,
2025-10-09,349.0,0.5763688760807018,176900,61738100.0,3.4205775,1.0134666,25871923200.0,2.1590000000000003,1.979,-3.155,522.0,-15.52,,,
2025-10-10,347.0,-0.5730659025787954,164700,57150900.0,3.4205775,1.0134666,25871923200.0,2.1590000000000003,1.979,-3.155,522.0,-15.52,,,
2025-10-14,342.0,-1.4409221902017322,163600,55951200.0,3.4205775,1.0134666,25871923200.0,2.1590000000000003,1.979,-3.155,522.0,-15.52,,,
2025-10-15,352.0,2.923976608187129,216700,76278400.0,3.4205775,1.0134666,25871923200.0,2.1590000000000003,1.979,-3.155,522.0,-15.52,,,
2025-10-16,351.0,-0.284090909090906,94500,33169500.0,3.4205775,1.0134666,25871923200.0,2.1590000000000003,1.979,-3.155,522.0,-15.52,,,
2025-10-17,348.0,-0.8547008547008517,99000,34452000.0,3.4205775,1.0134666,25871923200.0,2.1590000000000003,1.979,-3.155,522.0,-15.52,,,
2025-10-20,348.0,0.0,70200,24429600.0,3.4205775,1.0134666,25871923200.0,2.1590000000000003,1.979,-3.155,522.0,-15.52,,,
2025-10-21,347.0,-0.2873563218390829,83100,28835700.0,3.4205775,1.0134666,25871923200.0,2.1590000000000003,1.979,-3.155,522.0,-15.52,,,
2025-10-22,347.0,0.0,247800,85986600.0,3.4205775,1.0134666,25871923200.0,2.1590000000000003,1.979,-3.155,522.0,-15.52,,,
2025-10-23,347.0,0.0,106100,36816700.0,3.4205775,1.0134666,25871923200.0,2.1590000000000003,1.979,-3.155,522.0,-15.52,,,
2025-10-24,347.0,0.0,190800,66207600.0,3.4205775,1.0134666,25871923200.0,2.1590000000000003,1.979,-3.155,522.0,-15.52,,,
2025-10-27,343.0,-1.1527377521613813,146500,50249500.0,3.4205775,1.0134666,25871923200.0,2.1590000000000003,1.979,-3.155,522.0,-15.52,,,
2025-10-28,338.0,-1.457725947521871,252700,85412600.0,3.4205775,1.0134666,25871923200.0,2.1590000000000003,1.979,-3.155,522.0,-15.52,,,
2025-10-29,332.0,-1.7751479289940808,296400,98404800.0,3.4205775,1.0134666,25871923200.0,2.1590000000000003,1.979,-3.155,522.0,-15.52,,,
2025-10-30,335.0,0.9036144578313144,50200,16817000.0,3.4205775,1.0134666,25871923200.0,2.1590000000000003,1.979,-3.155,522.0,-15.52,,,
2025-10-31,336.0,0.2985074626865591,79900,26846400.0,3.4205775,1.0134666,25871923200.0,2.1590000000000003,1.979,-3.155,522.0,-15.52,,,
2025-11-04,333.0,-0.8928571428571397,219400,73060200.0,3.4205775,1.0134666,25871923200.0,2.1590000000000003,1.979,-3.155,522.0,-15.52,,,
2025-11-05,329.0,-1.2012012012011963,186500,61358500.0,3.4205775,1.0134666,25871923200.0,2.1590000000000003,1.979,-3.155,522.0,-15.52,,,
2025-11-06,331.0,0.6079027355623046,151700,50212700.0,3.4205775,1.0134666,25871923200.0,2.1590000000000003,1.979,-3.155,522.0,-15.52,,,
2025-11-07,330.0,-0.3021148036253751,72500,23925000.0,3.4205775,1.0134666,25871923200.0,2.1590000000000003,1.979,-3.155,522.0,-15.52,,,
2025-11-10,332.0,0.60606060606061,139300,46247600.0,3.4205775,1.0134666,25871923200.0,2.1590000000000003,1.979,-3.155,522.0,-15.52,,,
2025-11-11,330.0,-0.6024096385542133,105400,34782000.0,3.4205775,1.0134666,25871923200.0,2.1590000000000003,1.979,-3.155,522.0,-15.52,,,
2025-11-12,337.0,2.121212121212124,131400,44281800.0,3.4205775,1.0134666,25871923200.0,2.1590000000000003,1.979,-3.155,522.0,-15.52,,,
2025-11-13,332.0,-1.4836795252225476,89200,29614400.0,3.4205775,1.0134666,25871923200.0,2.1590000000000003,1.979,-3.155,522.0,-15.52,,,
2025-11-14,329.0,-0.9036144578313254,163100,53659900.0,3.4205775,1.0134666,25871923200.0,2.1590000000000003,1.979,-3.155,522.0,-15.52,,,
2025-11-17,329.0,0.0,164200,54021800.0,3.4205775,1.0134666,25871923200.0,2.1590000000000003,1.979,-3.155,522.0,-15.52,,,
2025-11-18,321.0,-2.4316109422492405,270500,86830500.0,3.4205775,1.0134666,25871923200.0,2.1590000000000003,1.979,-3.155,522.0,-15.52,,,
2025-11-19,320.0,-0.3115264797507788,147000,47040000.0,3.4205775,1.0134666,25871923200.0,2.1590000000000003,1.979,-3.155,522.0,-15.52,,,
2025-11-20,321.0,0.3125000000000044,130500,41890500.0,3.4205775,1.0134666,25871923200.0,2.1590000000000003,1.979,-3.155,522.0,-15.52,,,
2025-11-21,331.0,3.1152647975077885,163000,53953000.0,3.4205775,1.0134666,25871923200.0,2.1590000000000003,1.979,-3.155,522.0,-15.52,,,
2025-11-25,345.0,4.229607250755296,514700,177571500.0,3.4205775,1.0134666,25871923200.0,2.1590000000000003,1.979,-3.155,522.0,-15.52,,,
2025-11-26,350.0,1.449275362318847,261900,91665000.0,3.4205775,1.0134666,25871923200.0,2.1590000000000003,1.979,-3.155,522.0,-15.52,,,
2025-11-27,354.0,1.1428571428571344,174100,61631400.0,3.4205775,1.0134666,25871923200.0,2.1590000000000003,1.979,-3.155,522.0,-15.52,,,
2025-11-28,356.0,0.5649717514124353,145900,51940400.0,3.4205775,1.0134666,25871923200.0,2.1590000000000003,1.979,-3.155,522.0,-15.52,,,
2025-12-01,348.0,-2.2471910112359605,278800,97022400.0,3.4205775,1.0134666,25871923200.0,2.1590000000000003,1.979,-3.155,522.0,-15.52,,,
2025-12-02,357.0,2.586206896551735,221600,79111200.0,3.4205775,1.0134666,25871923200.0,2.1590000000000003,1.979,-3.155,522.0,-15.52,,,
2025-12-03,354.0,-0.8403361344537785,161000,56994000.0,3.4205775,1.0134666,25871923200.0,2.1590000000000003,1.979,-3.155,522.0,-15.52,,,
2025-12-04,354.0,0.0,149000,52746000.0,3.4205775,1.0134666,25871923200.0,2.1590000000000003,1.979,-3.155,522.0,-15.52,,,
2025-12-05,351.0,-0.8474576271186418,99100,34784100.0,3.4205775,1.0134666,25871923200.0,2.1590000000000003,1.979,-3.155,522.0,-15.52,,,
2025-12-08,355.0,1.139601139601143,121600,43168000.0,3.4205775,1.0134666,25871923200.0,2.1590000000000003,1.979,-3.155,522.0,-15.52,,,
2025-12-09,353.0,-0.5633802816901401,132700,46843100.0,3.4205775,1.0134666,25871923200.0,2.1590000000000003,1.979,-3.155,522.0,-15.52,,,
2025-12-10,353.0,0.0,92500,32652500.0,3.4205775,1.0134666,25871923200.0,2.1590000000000003,1.979,-3.155,522.0,-15.52,,,
2025-12-11,346.0,-1.9830028328611915,240100,83074600.0,3.4205775,1.0134666,25871923200.0,2.1590000000000003,1.979,-3.155,522.0,-15.52,,,
2025-12-12,347.0,0.2890173410404539,137200,47608400.0,3.4205775,1.0134666,25871923200.0,2.1590000000000003,1.979,-3.155,522.0,-15.52,,,
2025-12-15,343.0,-1.1527377521613813,278100,95388300.0,3.4205775,1.0134666,25871923200.0,2.1590000000000003,1.979,-3.155,522.0,-15.52,,,
2025-12-16,339.0,-1.1661807580174877,219300,74342700.0,3.4205775,1.0134666,25871923200.0,2.1590000000000003,1.979,-3.155,522.0,-15.52,,,
2025-12-17,338.0,-0.2949852507374673,160200,54147600.0,3.4205775,1.0134666,25871923200.0,2.1590000000000003,1.979,-3.155,522.0,-15.52,,,
2025-12-18,337.0,-0.295857988165682,167800,56548600.0,3.4205775,1.0134666,25871923200.0,2.1590000000000003,1.979,-3.155,522.0,-15.52,,,
2025-12-19,335.0,-0.5934718100890191,202900,67971500.0,3.4205775,1.0134666,25871923200.0,2.1590000000000003,1.979,-3.155,522.0,-15.52,,,
2025-12-22,338.0,0.8955223880596996,254800,86122400.0,3.4205775,1.0134666,25871923200.0,2.1590000000000003,1.979,-3.155,522.0,-15.52,,,
2025-12-23,336.0,-0.591715976331364,307300,103252800.0,3.4205775,1.0134666,25871923200.0,2.1590000000000003,1.979,-3.155,522.0,-15.52,,,
2025-12-24,333.0,-0.8928571428571397,528200,175890600.0,3.4205775,1.0134666,25871923200.0,2.1590000000000003,1.979,-3.155,522.0,-15.52,,,
2025-12-25,337.0,1.2012012012011963,456100,153705700.0,3.4205775,1.0134666,25871923200.0,2.1590000000000003,1.979,-3.155,522.0,-15.52,,,
2025-12-26,334.0,-0.8902077151335286,1870900,624880600.0,3.4205775,1.0134666,25871923200.0,2.1590000000000003,1.979,-3.155,522.0,-15.52,,,
2025-12-29,345.0,3.293413173652704,501000,172845000.0,3.4205775,1.0134666,25871923200.0,2.1590000000000003,1.979,-3.155,522.0,-15.52,,,
2025-12-30,348.0,0.8695652173912993,370600,128968800.0,3.4205775,1.0134666,25871923200.0,2.1590000000000003,1.979,-3.155,522.0,-15.52,,,
2026-01-05,357.0,2.586206896551735,309900,110634300.0,3.4205775,1.0134666,25871923200.0,2.1590000000000003,1.979,-3.155,522.0,-15.52,,,
2026-01-06,356.0,-0.2801120448179262,175900,62620400.0,3.4205775,1.0134666,25871923200.0,2.1590000000000003,1.979,-3.155,522.0,-15.52,,,
2026-01-07,356.0,0.0,162900,57992400.0,3.4205775,1.0134666,25871923200.0,2.1590000000000003,1.979,-3.155,522.0,-15.52,,,
2026-01-08,352.0,-1.1235955056179805,168000,59136000.0,3.4205775,1.0134666,25871923200.0,2.1590000000000003,1.979,-3.155,522.0,-15.52,,,
2026-01-09,352.0,0.0,86000,30272000.0,3.4205775,1.0134666,25871923200.0,2.1590000000000003,1.979,-3.155,522.0,-15.52,,,
2026-01-13,354.0,0.5681818181818121,251400,88995600.0,3.4205775,1.0134666,25871923200.0,2.1590000000000003,1.979,-3.155,522.0,-15.52,,,
2026-01-14,359.0,1.412429378531077,345900,124178100.0,3.4205775,1.0134666,25871923200.0,2.1590000000000003,1.979,-3.155,522.0,-15.52,,,
2026-01-15,363.0,1.11420612813371,281000,102003000.0,3.4205775,1.0134666,25871923200.0,2.1590000000000003,1.979,-3.155,522.0,-15.52,,,
2026-01-16,364.0,0.2754820936639035,326900,118991600.0,3.4205775,1.0134666,25871923200.0,2.1590000000000003,1.979,-3.155,522.0,-15.52,,,
2026-01-19,360.0,-1.098901098901095,344300,123948000.0,3.4205775,1.0134666,25871923200.0,2.1590000000000003,1.979,-3.155,522.0,-15.52,,,
2026-01-20,355.0,-1.388888888888884,135500,48102500.0,3.4205775,1.0134666,25871923200.0,2.1590000000000003,1.979,-3.155,522.0,-15.52,,,
2026-01-21,347.0,-2.2535211267605604,430000,149210000.0,3.4205775,1.0134666,25871923200.0,2.1590000000000003,1.979,-3.155,522.0,-15.52,,,
2026-01-22,353.0,1.729106628242083,205400,72506200.0,3.4205775,1.0134666,25871923200.0,2.1590000000000003,1.979,-3.155,522.0,-15.52,,,
2026-01-23,357.0,1.1331444759206777,216700,77361900.0,3.4205775,1.0134666,25871923200.0,2.1590000000000003,1.979,-3.155,522.0,-15.52,,,
2026-01-26,349.0,-2.2408963585434205,212700,74232300.0,3.4205775,1.0134666,25871923200.0,2.1590000000000003,1.979,-3.155,522.0,-15.52,,,
2026-01-27,351.0,0.5730659025787954,134900,47349900.0,3.4205775,1.0134666,25871923200.0,2.1590000000000003,1.979,-3.155,522.0,-15.52,,,
2026-01-28,344.0,-1.9943019943019944,196100,67458400.0,3.4205775,1.0134666,25871923200.0,2.1590000000000003,1.979,-3.155,522.0,-15.52,,,
2026-01-29,345.0,0.2906976744186051,272400,93978000.0,3.4205775,1.0134666,25871923200.0,2.1590000000000003,1.979,-3.155,522.0,-15.52,,,
2026-01-30,354.0,2.60869565217392,261500,92571000.0,3.4205775,1.0134666,25871923200.0,2.1590000000000003,1.979,-3.155,522.0,-15.52,,,
2026-02-02,345.0,-2.5423728813559365,242400,83628000.0,3.4205775,1.0134666,25871923200.0,2.1590000000000003,1.979,-3.155,522.0,-15.52,,,
2026-02-03,342.0,-0.8695652173912993,612600,209509200.0,3.4205775,1.0134666,25871923200.0,2.1590000000000003,1.979,-3.155,522.0,-15.52,,,
2026-02-04,350.0,2.3391812865497075,295500,103425000.0,3.4205775,1.0134666,25871923200.0,2.1590000000000003,1.979,-3.155,522.0,-15.52,,,
2026-02-05,345.0,-1.4285714285714235,218100,75244500.0,3.4205775,1.0134666,25871923200.0,2.1590000000000003,1.979,-3.155,522.0,-15.52,,,
2026-02-06,346.0,0.2898550724637738,261900,90617400.0,3.4205775,1.0134666,25871923200.0,2.1590000000000003,1.979,-3.155,522.0,-15.52,,,
2026-02-09,345.0,-0.289017341040465,448000,154560000.0,3.4205775,1.0134666,25871923200.0,2.1590000000000003,1.979,-3.155,522.0,-15.52,,,
2026-02-10,356.0,3.1884057971014457,350400,124742400.0,3.4205775,1.0134666,25871923200.0,2.1590000000000003,1.979,-3.155,522.0,-15.52,,,
2026-02-12,365.0,2.528089887640439,252600,92199000.0,3.4205775,1.0134666,25871923200.0,2.1590000000000003,1.979,-3.155,522.0,-15.52,,,
2026-02-13,345.0,-5.47945205479452,312400,107778000.0,3.4205775,1.0134666,25871923200.0,2.1590000000000003,1.979,-3.155,522.0,-15.52,,,
2026-02-16,379.0,0.0,755000,286145000.0,,,,,,,,,377.0,383.0,369.0
2026-02-17,380.0,0.26385224274405594,332600,126388000.0,,,,,,,,,379.0,381.0,369.0
2026-02-18,372.0,-2.1052631578947323,269000,100068000.0,,,,,,,,,381.0,383.0,367.0
